5120 3484 501 7575 1895 3837 1948 2556 6551 4423 1974 7402 8766 9193 14 1220 9967 2756 2119 4923 
743 6038 5679 4211 974 2871 2662 7510 1001 302 9033 893 3544 2153 7288 7548 3760 7148 2579 4771 
8485 2096 7643 8283 6184 8571 8626 3790 7251 410 7643 8490 5278 5602 5506 7475 5610 6198 6698 3198 
67 5161 4405 6685 5373 9964 676 1469 3697 7821 1589 6788 1364 1720 8380 2935 1564 6468 9359 835 
5195 9871 7939 8479 3815 2983 6903 2123 766 207 4878 8727 619 2550 5278 9006 2161 4817 6535 6375 
5183 6718 5190 8662 2744 8689 840 1001 7821 2588 1936 9011 547 7669 1276 2223 1771 9107 2791 6866 
5835 2062 3682 910 7902 4914 8403 6018 7806 7570 9554 8994 4802 2949 9301 8546 986 1845 7125 3066 
9829 5549 9148 6454 6348 5040 9521 2580 3751 5863 2980 5364 1948 7528 2427 6494 8212 231 6942 2090 
1655 3111 2630 5222 7226 2054 1867 2246 6022 9542 5657 3145 4453 8144 8094 7069 8521 3480 5464 8067 
2144 5281 2000 5704 1196 4204 8040 1123 7323 7611 2803 8489 9752 312 843 9096 5323 1819 7750 1810 
7088 1835 7274 4983 3147 9163 8165 9519 6195 6690 817 726 6037 8421 58 1085 2428 240 884 1570 
4820 5752 1017 853 9181 3980 9688 7820 7869 2028 5740 1311 1535 4668 2692 512 4175 7671 3810 7654 
3623 1438 7050 5726 6111 7862 977 841 5209 3928 3769 2334 8329 2317 8273 2604 7998 7696 4449 3072 
9582 9505 8949 3985 825 3352 1496 2027 9691 5883 5304 9931 9738 3804 8607 7963 7375 5778 5934 2402 
3895 1611 1930 4794 5170 5997 6146 9158 1993 1157 9773 8203 7258 4045 7749 3792 8580 5349 1796 2244 
3508 4823 3317 6864 1236 1023 1396 1668 1285 2148 4503 3943 3499 639 8067 3614 1410 9957 4542 758 
2890 8206 2606 1601 582 6817 8149 9070 1961 9565 6081 6789 2006 617 9358 6457 7181 2867 4915 216 
6203 2691 4727 9012 2632 9435 6747 5946 8003 3443 4275 3446 1849 9079 1866 847 8314 9086 9058 7550 
5846 4202 1146 9531 1676 5650 4301 7772 789 2777 116 6957 7980 317 7952 36 2045 3377 7604 3232 
7239 6631 6446 1112 3115 7887 7226 4270 4692 6768 899 9430 1062 5222 7351 3771 5351 6991 221 442 
8496 4996 3015 6214 2998 2349 7337 713 2097 2204 5101 5169 6060 9504 7905 8993 2064 9299 6240 5137 
3779 7963 5044 5954 5451 7940 6456 9594 9814 8602 4990 6463 5019 9853 8626 3882 5090 5874 4738 3813 
9469 4173 4588 2301 3284 9632 4052 8461 7908 5411 9908 4983 1943 7159 7991 2309 4019 7086 2556 7723 
3399 8003 1124 1343 4623 6036 9783 2166 4582 5243 6295 7202 7905 3409 7199 9489 1990 5521 1172 5911 
1912 7225 4940 9469 3753 8572 7264 4713 5517 369 108 1008 3792 7665 5600 3251 5987 1379 6106 3940 
1227 1866 5200 6508 1835 9251 2818 5362 2227 9607 8595 278 937 4243 5274 7370 9286 1709 2747 714 
6684 3038 5057 4925 2432 7348 5101 9557 805 7092 9892 2055 7335 7620 7963 3239 1831 9596 6311 1686 
7076 4425 9022 6428 3007 8623 8969 915 8110 8711 4858 299 2366 7997 1809 6710 4362 453 2033 3952 
3799 7797 2891 4933 7297 4078 1139 1144 4623 6616 1832 7360 5627 8530 6995 3811 7506 9773 7495 1141 
486 6410 1917 6358 3571 9457 1760 1429 9429 7852 1024 1796 1759 1497 2248 743 7332 5953 6447 3751 
5951 6404 9811 5089 9335 1180 6142 5830 9606 6737 1438 1849 5137 9273 7040 6284 7101 1721 852 6902 
3145 3932 4856 6744 9744 6843 4184 920 5539 6313 8353 3825 6271 8696 8163 2384 4883 1956 6079 8949 
5947 2207 2627 3906 7042 2330 9814 2043 7875 306 4562 9318 4074 853 9257 2669 1757 529 9077 6524 
6429 7180 5655 6487 6727 5577 1684 284 3109 7076 7636 7924 2819 3343 3159 5463 279 7636 869 9630 
8075 8879 1919 1294 5967 5513 5096 8528 3750 5777 9446 5677 430 6734 2238 4849 7185 2510 129 2325 
1004 4112 491 3281 7635 7954 6491 7452 9167 9161 784 7983 5650 9707 7123 4568 2971 1327 9575 4902 
1730 1834 629 1995 6346 9865 8209 7965 57 3077 845 5184 7668 7250 2914 5125 86 6105 3565 2589 
2928 1091 6696 7671 9719 3231 6079 6111 5396 2974 5855 5155 3182 639 146 4473 4610 809 1710 1729 
1366 1833 6781 5430 7889 2472 7713 3152 1486 625 1334 2977 792 7408 60 5537 9067 6171 9084 1136 
6088 5120 9586 162 9419 9040 8348 3919 2118 3451 5882 7573 3818 7062 2845 8902 8283 1578 6002 6538 
8962 3428 9466 1410 3069 5013 732 9442 5045 5187 7119 3197 5236 8840 2140 9916 4672 335 2268 9247 
4178 398 8078 9106 8803 2969 8262 7766 6558 3518 6128 5817 2729 6486 4913 1905 4030 1948 5249 1344 
1923 3259 4531 8859 6315 856 392 4771 9040 6391 5978 4947 4330 3690 7550 1613 2651 754 7355 5146 
6500 8836 2805 5049 7861 7384 6316 1591 1689 1852 2191 2703 1765 7212 9964 783 2053 807 9566 3431 
1999 3740 6392 2657 8423 466 6942 742 5390 5609 5315 9186 4070 5762 6518 7301 6289 4497 7185 1096 
1840 4387 664 89 3824 4579 5512 907 5843 339 1699 1272 4128 4206 3235 9179 3762 1267 1738 9474 
9063 7474 9163 6601 5861 7691 6585 2597 906 9129 869 3416 5916 3845 1112 8971 6469 4728 6811 293 
6487 2222 636 9563 3775 1839 9563 590 3150 2999 7872 2731 1167 4799 6828 7007 9710 6223 833 5486 
4591 4158 8210 3941 3358 4145 917 5072 3988 1157 3536 883 2581 3553 3139 7063 7825 9416 8520 1411 
9783 6826 6250 5560 7195 1130 5386 1627 6543 6474 6910 1039 2731 4674 5562 6962 2242 6637 2454 5209 
5290 1133 4796 5149 6210 6670 6605 3789 8004 4712 724 8404 1260 5820 2319 780 7380 7792 5700 6424 
2063 2554 6732 9255 2422 8878 106 8110 5882 749 4385 6896 2259 8839 8427 5430 8698 8237 209 3464 
4905 3865 5526 5310 7961 1111 6254 3945 3912 1404 1273 1753 1020 5371 1241 2256 6480 9339 1760 3168 
9411 4435 5128 3656 2760 6187 5258 3319 2699 1146 5162 7133 7231 9241 4622 3842 5228 4530 9073 6381 
6466 3909 9300 1877 6840 2633 5317 9992 5244 2341 1177 9645 7943 6905 2605 7293 2156 6559 1343 6076 
4527 4998 7759 8723 5238 6978 6278 8542 9027 2142 9319 8470 2054 918 6905 6936 2006 894 1289 5224 
9742 5681 3836 348 1336 6940 3203 2571 8504 5776 1824 4619 6248 1015 3752 1299 2475 6200 6075 9734 
4250 4727 9150 7461 1362 9795 6734 8431 682 6578 5549 6518 5301 6614 4833 9092 9965 8184 8749 8761 
2498 4536 5654 2828 4745 3628 5415 2195 1285 8496 5215 5620 9822 1916 5167 3932 159 7422 8263 2682 
617 7030 2965 3223 2530 6323 3718 5505 5966 4977 4393 6335 4045 8441 9625 2232 4677 9830 4805 6320 
9713 1974 6769 1888 6851 3187 3792 5203 624 1711 7745 1100 4894 9983 6570 6971 954 4024 8310 3977 
2324 9906 9765 562 209 1106 1822 9455 5569 2989 6701 2557 10 5133 7242 7141 504 5961 8549 5464 
6461 8967 7492 9959 5588 1348 9157 7877 1747 629 549 8063 5623 6192 6942 2326 7504 3999 342 5234 
8646 53 1910 2 4822 2871 5298 5573 7543 2210 2788 9461 2897 5473 7192 9233 4916 550 1265 1412 
4180 9829 897 2068 1848 2225 3976 8903 7283 3737 6312 994 6054 6471 9971 822 9339 1014 3595 1162 
447 6362 9918 4399 4027 9795 4866 8085 5330 3853 7824 1409 829 9280 2561 1005 6814 1788 2359 877 
8333 3527 215 2237 4664 4998 3724 8759 8324 4103 1268 8660 4684 7857 5794 7939 9950 3920 5358 6 
233 4878 9879 2933 5414 5777 3841 7793 3353 286 1117 7624 3369 4136 5153 7908 2035 8481 7059 3379 
4340 9045 1139 2736 8787 5905 9564 2976 907 8894 7375 5499 2659 4002 7147 6371 482 5901 6690 6954 
8075 7197 4930 197 1728 997 654 4882 4492 5614 3697 7693 2753 4005 6804 3923 7204 5647 1540 7399 
140 2045 4492 2783 5039 4175 2247 5471 8868 2602 157 2263 1167 7949 4823 3519 5213 234 657 1535 
6133 8497 5943 454 7750 4694 8958 4057 7181 1329 8668 8317 8881 8721 2321 8824 9688 7880 1515 8771 
1023 6570 5476 9216 2256 9131 1151 9570 3539 2472 171 4063 9322 7107 8642 7028 7429 6765 7205 6860 
4869 3773 8543 7156 9448 4135 7911 6951 2108 2150 282 3918 2871 2250 7451 1206 910 8676 3054 1966 
6462 3981 8486 5945 8257 6624 2806 5777 2350 7249 1601 525 5208 2905 4436 8886 6345 2067 672 9584 
3923 416 2979 4848 5531 8385 2315 8536 939 3172 8883 9930 6580 8913 931 4590 4735 8466 5707 9882 
8410 2030 2284 7001 2020 9125 5989 6898 2485 5458 749 6416 3341 6076 1165 3576 617 8476 3991 8275 
4855 3718 5076 8919 5636 639 7988 4643 4814 4783 5091 7646 1857 7557 353 4598 3158 2766 7334 4929 
6187 870 9121 4401 5406 1770 3430 3249 3097 6368 8255 181 2317 1507 1395 6051 7504 7792 6744 4356 
2784 2544 1983 3363 1998 9845 8666 8283 737 8838 8698 4841 5986 3845 7497 9420 2988 4265 4107 8372 
6527 4822 776 7116 2868 6684 4966 4183 5191 1948 9172 4615 8742 874 4782 9118 3331 9782 3879 2054 
1054 4962 5025 2913 2070 8033 3694 4321 220 1935 657 2268 1517 4160 3033 6136 3803 3531 7944 8635 
8938 1783 4843 9434 9099 7182 3519 3195 4747 5627 3139 8709 6839 4226 7027 4142 7626 7693 4829 8004 
1314 3341 9420 2882 1277 7037 2604 3717 8328 4649 9204 8101 5637 8735 415 2749 972 4749 664 3078 
9119 1387 952 6298 3915 6183 9642 942 1977 9662 1821 4599 8734 8815 1018 129 8830 4958 5713 6062 
8384 7454 6273 5886 701 2385 9854 5160 2012 793 9800 3689 5716 1173 4408 9475 9384 3850 4819 5456 
3238 456 4752 7971 7392 8634 9586 337 1034 4142 3951 4666 2043 9941 5413 8202 7173 2722 4051 5214 
7362 1797 6162 2829 1664 268 9225 12 7324 1433 8344 6117 2372 5589 4096 2639 4468 6527 9388 159 
1875 7727 8258 8211 4527 8326 2199 2296 7350 2265 8054 9958 9689 6265 8040 4350 5017 2990 2672 2220 
1729 4478 17 8732 1711 1153 5836 5661 5280 4537 2556 8443 376 5211 5496 2392 7227 7464 7412 7206 
4122 2628 2903 9608 9811 1985 947 3150 6287 8546 7707 1450 8637 2716 4749 9146 2869 1064 2953 8805 
5749 4138 6746 964 103 5845 676 7029 8752 4113 4437 880 5732 3366 6111 7455 756 9007 4078 39 
172 9736 318 1242 1583 4210 2895 5646 4409 7544 7585 7952 414 4704 7982 1806 8249 9710 3684 8304 
2129 6315 1819 72 5200 1319 9800 283 779 6707 7474 6370 8997 6934 183 8099 20 2214 3591 2002 
6466 7171 5322 7565 3789 4005 4525 1256 8172 1769 4516 6535 3654 49 5548 8399 5864 3939 3740 4927 
5544 1180 3671 6624 7180 5143 6987 5404 4679 8179 2567 9842 4111 5347 9721 910 4590 1559 5114 8955 
8070 9334 4426 246 4310 5608 4769 8528 4005 4577 3489 3429 1442 3456 6840 3826 9816 6009 6057 6827 
1328 7864 8011 9515 3240 2379 7990 8378 1053 2 6534 6138 842 9247 9843 5626 9098 623 197 7861 
3517 5701 4445 1156 5568 5714 9292 3357 2845 4806 6957 1068 2415 840 3083 9039 7188 1692 8660 7732 
940 7502 5703 3215 7887 4420 1903 46 1601 5415 2382 974 4865 734 2654 768 37 5310 4261 4441 
7969 7161 7921 4629 4563 9805 9011 9684 9640 3155 7016 7283 9736 9218 2504 8360 5071 8499 8298 2224 
8390 1226 7314 5733 9272 686 6898 6002 4535 8843 1389 241 2139 5149 9966 3124 7660 2524 6705 933 
7669 959 6895 2551 5468 4628 6740 9740 9635 2454 4967 3527 6127 131 7110 4326 4024 3758 7645 3289 
1457 8585 7414 9108 4144 6886 5581 2760 7773 913 8456 4356 1000 7916 176 2083 3298 3915 5779 9466 
1320 2191 9435 375 9851 2818 2171 8773 1441 8214 3709 4902 5453 8666 6048 1644 6386 4293 5770 8421 
7928 8757 7140 1436 4348 2415 3902 4996 1916 4167 532 3751 2828 1346 8414 737 506 7651 4191 5347 
3693 9425 8569 4674 718 438 1609 350 1897 3214 2805 2784 160 5609 768 2888 6503 4128 8180 5467 
2755 2588 4274 2710 5250 5172 2283 5275 3111 7205 1547 8362 8765 4282 4472 2949 2642 1029 7437 3929 
5349 5729 5248 4668 3043 9736 9172 5535 7984 2788 5350 1487 8215 8598 2899 4514 542 8382 1847 6867 
9115 9151 9599 685 8431 31 6481 1081 1644 6329 9361 57 8681 6921 7177 4969 7189 9297 3177 5032 
2744 3916 1512 8048 5920 3818 3049 7196 4394 2091 6195 3479 3035 8003 291 4303 8923 9451 421 6431 
2206 437 6194 8498 2513 6825 2078 7986 3266 9012 6028 6264 6589 2005 201 5829 1519 68 8005 1591 
7423 3815 1436 4655 3251 642 4983 3679 3699 2150 8471 6607 4198 2169 6579 2753 6009 4518 5790 4878 
5454 1117 5726 3237 7305 4319 3861 7296 1328 7644 1795 8724 6416 6281 9151 635 8002 1859 5306 6130 
7595 1855 4594 6538 3202 443 8738 5795 6652 9749 2213 5644 7812 20 3202 2586 5279 9193 4854 8671 
3783 5151 9644 7412 4765 9879 5644 495 1239 3203 1308 1364 2279 3646 8057 2563 9434 9687 6577 8881 
4558 7112 7182 3815 8479 2182 5226 5385 2780 1824 4601 952 6569 5851 5227 7731 6331 5548 306 3443 
4241 6649 951 6261 1098 8594 3778 6846 1222 8074 8637 6416 3567 7882 1880 4044 9711 9708 1372 9120 
7856 815 2500 7270 4347 6412 1344 614 95 991 7196 1345 9774 679 4278 3298 9118 7554 514 485 
80 9553 6729 4505 6232 4792 4955 9723 4256 9536 8432 3560 8379 5472 9007 8464 2419 3504 1619 151 
7486 90 9914 6239 1798 466 3917 6429 6085 6388 5235 4692 7349 3543 9660 9467 8956 8750 9222 7508 
8746 9494 7847 1287 4815 1956 9598 3174 791 7845 562 6070 1169 3161 8894 4766 1264 5053 5771 2427 
1139 9545 2465 6368 7699 1307 1624 6099 9728 2938 8088 3577 7778 1482 8619 4673 4314 2111 4779 2933 
2557 3153 9374 5170 5900 8877 1645 3746 4652 7868 1196 8342 2604 5852 6689 8956 1667 1703 844 2088 
7671 1723 9660 9158 9722 5002 9206 9125 9879 3711 8307 1113 5089 4994 94 9974 2953 9169 7624 4657 
2530 3720 7328 4892 1968 7211 2307 8043 5954 4667 8874 1335 2699 3390 4459 7202 5967 3473 714 3718 
4425 5316 869 6153 2746 5885 3285 4693 3821 3996 773 9252 3116 2044 7031 8399 7375 4398 3351 4751 
6066 962 6 9850 952 2794 3782 6713 7481 5309 7561 2977 8524 6000 4313 9168 5407 6706 4419 2331 
5967 3259 3011 2302 4891 5818 5226 5905 947 8645 5485 194 2509 7638 7941 2694 7714 4804 2981 7765 
6781 588 564 1340 2639 972 1496 8895 7334 8378 79 1968 6054 3670 7577 7022 7718 5671 4201 7736 
5889 6977 8376 9592 4499 6368 7870 8635 1011 6332 9410 5115 571 6811 5691 6175 1322 655 1021 9573 
3309 9987 8834 1517 9218 5997 7757 2586 2237 8333 4777 6436 5637 8344 6727 1942 4087 2678 3560 1125 
9438 6524 7030 2078 4903 3206 2470 3634 1953 3111 2718 1062 6830 8120 8829 8833 8265 5401 2604 4989 
399 4664 3403 4752 3107 5912 5575 1003 8411 38 3387 5896 6649 669 8053 4838 9036 5147 45 7882 
5606 917 5221 356 2709 6088 8004 3768 5532 7119 6140 5651 3032 8495 3694 1518 95 2442 55 534 
6974 1033 3324 9510 742 6993 4602 209 7264 6064 2769 1713 4928 5950 8048 5697 2928 3065 2664 3426 
8039 4895 5680 3832 8343 5243 343 3354 2873 9499 3226 8610 3642 9085 2645 5114 4738 8421 3077 9290 
5794 6957 2816 2034 8215 1004 5780 9001 3207 1536 1139 1380 164 8895 8423 8828 594 2247 4519 1881 
604 5034 594 7774 2230 9518 7807 2310 7309 336 3453 1590 8864 7900 2961 1896 7512 6280 5480 8764 
6872 7848 1272 128 2016 5895 4552 7673 8768 7264 4703 7315 2103 7651 9050 1443 795 5415 520 7565 
9599 6067 7997 9549 5141 7849 1754 6258 9885 5648 1317 3805 5348 7021 429 996 1020 7308 1068 9469 
260 4132 3955 534 6023 5391 6878 1978 4735 622 7367 5979 158 6534 1463 8710 2509 5498 5974 2048 
3167 4966 7564 5000 9883 368 4673 5141 4136 7385 5437 8049 4741 8720 9003 9403 4730 7195 5569 5091 
136 4122 6594 7543 6051 8955 3328 8459 5553 5333 6155 2602 3269 3690 5906 4846 620 9602 2242 9253 
5866 8073 4813 3805 863 9460 5879 5814 9340 8148 9458 5895 4543 5919 126 566 1291 8586 3585 9095 
6878 176 4169 4094 3110 6345 8465 3993 5010 7946 7145 2568 9576 9299 6903 4554 8204 7114 1579 9838 
6936 2989 6690 5671 3539 4634 2861 6131 3453 882 7429 2721 9812 1818 4498 9132 5092 6993 2036 901 
5709 5720 2466 3020 2088 9662 1659 7179 2634 5066 3437 7782 3310 2223 5606 3233 7524 9744 271 3168 
2907 5899 8535 9250 8760 866 5786 8749 5281 6498 5795 8106 7897 4266 4402 7661 363 1104 3744 3463 
3302 4343 1391 9064 6159 8879 7573 726 3015 874 3313 8784 9791 7281 7634 8334 7927 6517 851 7873 
251 5528 9803 1179 8698 4715 5853 2610 3903 5746 4230 8274 2509 2907 1089 8733 8412 7579 8172 725 
1237 9975 687 9948 8743 2007 4526 6734 4478 8438 6810 2458 9353 8349 4568 6656 321 2982 1569 8262 
328 4000 2872 4484 3819 4056 3376 7971 6763 7443 6079 3042 515 387 8811 5787 3082 8317 5034 1451 
4796 4009 7020 9420 1461 4922 924 1122 2508 4828 9311 9853 2751 6069 1847 1971 6032 8843 9612 2533 
4807 3555 5577 8787 3729 3534 5750 9446 631 2938 5401 6097 3677 9830 4625 806 3105 4264 4921 7936 
3854 5153 5180 7889 448 4809 5627 2764 6643 4300 7395 153 6752 7579 5807 408 4555 9299 8238 9066 
3736 410 8706 8810 4789 8029 9317 7149 4954 2514 1728 9917 2165 8832 1637 7869 5677 5412 2341 4185 
5492 1121 3140 6299 1956 7132 2607 267 4551 9294 5335 4750 8246 3254 3711 8582 9450 2835 3678 1351 
9121 6071 2654 7097 5518 5761 2680 3952 3080 4879 225 4456 1160 2800 3188 9648 488 8559 282 2504 
7939 9952 4090 7902 9475 8731 7202 9695 9467 9834 6887 6189 9373 8426 4450 7709 548 6686 5056 5561 
9412 3660 8376 3841 6836 7932 7732 3196 4398 9303 6591 8839 2042 2486 3919 7847 1711 1409 3789 2679 
2022 9481 8661 5734 4910 4350 5369 4908 134 5948 8217 5405 9104 6581 8961 8119 404 7483 3093 7056 
5898 6832 9603 1352 8370 8728 5467 9443 2975 7052 9595 7466 6032 4362 3389 7050 1389 9605 2209 5659 
6274 6948 4442 6499 1986 9660 3969 4029 8395 1031 8779 3335 6439 5540 9495 7991 8163 9527 8207 1565 
6102 7897 4857 949 8345 8615 8934 5001 9345 5606 7289 3109 7776 1737 8768 7778 981 3429 9644 8168 
4448 6471 8388 6682 4280 5371 2307 5538 6592 4274 6524 8771 2498 1286 2374 5219 4466 6434 4941 1083 
4853 292 3693 7535 9132 22 5381 4668 8877 5305 1380 351 5548 4036 1231 8044 3932 8055 3764 4154 
5603 6294 8358 8211 1167 5870 5377 2599 9173 272 8688 2237 8788 7960 4753 6556 2069 923 3009 2319 
1059 4848 5148 6451 1723 5320 2593 160 7331 4111 283 7185 5820 804 3603 6978 6538 1570 7318 6829 
9213 6210 4322 668 1104 2620 8041 8939 4526 3373 2732 9708 6833 8895 5516 5260 3647 9972 8834 5887 
2342 7027 7862 3719 3642 254 6622 2417 1358 6078 7726 4961 6302 9604 9833 1398 789 2168 660 6827 
5032 6320 2911 283 9355 768 4754 2880 5159 7963 7469 3155 3909 101 8215 7093 789 6578 2705 2853 
4581 9578 3186 1460 8537 2217 5941 5509 5441 4184 276 4924 6062 8919 271 1719 2335 1354 1750 6026 
9603 8022 2230 1458 8550 6694 9181 7105 7601 2342 8014 9248 3569 5189 8397 874 2061 6660 2296 4569 
9403 1140 6057 8699 2155 7076 8695 3896 2667 1842 9150 5664 6442 5707 8683 9682 1255 3875 7271 1454 
9555 986 7530 4931 8997 1060 6185 7138 4354 4866 3800 4476 4093 4396 7989 1068 5415 8704 6373 8980 
956 8428 4039 1218 1495 7775 9715 4767 9172 7835 9642 4574 1558 7542 9671 1819 7889 3649 8977 9994 
2705 9062 7958 8521 8817 3025 9893 8316 6544 4785 5281 3176 553 1424 5364 8825 1336 9595 5972 7811 
4603 5807 3172 407 1270 8472 5986 3374 5346 3786 4842 4491 1011 7155 1973 8650 7390 8514 9346 2392 
2733 4196 4837 8309 1212 72 5212 9476 2153 7253 8265 7551 111 6959 1590 8043 3788 8608 8067 1362 
4122 7775 6662 3735 4359 8305 1286 1106 281 9518 441 953 6590 5369 4424 2762 785 4657 705 7797 
4472 2560 9180 8944 9306 4271 3723 9855 3832 5305 3305 1904 6386 8994 2262 2475 7099 5327 5075 2855 
6735 4859 5701 5143 7077 58 525 301 7969 379 8682 6380 7585 5133 1625 1164 5028 6062 1291 3896 
1036 4064 3948 5451 3429 3796 8838 8118 3776 5135 9727 3079 8039 3767 9726 1855 4000 4163 2727 2350 
47 7038 329 7624 3976 3566 1263 8881 1153 9161 3572 6024 5292 368 2369 1796 2584 3417 5416 9969 
3320 4841 888 1011 6467 4306 3703 5595 1131 336 7283 2039 3781 8574 7954 290 7397 1053 2466 5986 
6373 4029 7734 9653 9930 3454 2548 6053 9321 8671 4367 1796 3564 2111 8479 5603 6012 1086 8703 4615 
7614 2396 8755 2436 6327 6386 6759 8711 5197 8342 5879 7326 2919 6886 6521 5262 5479 1577 8569 765 
6278 6337 2373 2822 3340 5648 5379 3304 3788 3259 2363 7983 6473 1231 3520 3952 6443 6799 3019 3075 
5450 5619 3290 190 8103 2381 2274 6006 1578 4146 9410 7618 141 1409 4514 7189 4269 1026 6325 3821 
4420 8807 5544 3692 4983 2172 9053 638 9591 7516 5566 244 3214 7187 2596 10 7534 6194 582 5138 
426 3807 7553 5366 2911 8102 9465 6125 4822 7833 9945 8544 2777 1592 5193 7603 1925 6985 9337 3698 
8074 272 4803 6091 3883 6473 6779 6915 3310 5831 7254 1002 2194 370 6131 5178 8557 1917 146 6646 
877 1954 4324 5960 2333 1565 1874 1845 3132 1434 8174 6356 3093 9044 2412 9873 7839 2568 9037 1005 
3861 4228 5791 671 4767 3144 6539 1655 1262 9841 5110 8615 4862 8449 1088 1781 3246 110 1789 564 
3521 9809 2961 3144 4939 5809 4625 2297 9835 4344 2600 6299 7947 5815 2104 9283 8819 4480 1015 9019 
6266 949 2488 2234 9019 2218 6906 6411 5834 9034 6282 9477 9702 3810 2730 7884 9077 1052 5421 2116 
6785 3892 6900 4576 2851 7436 4232 8647 5940 1860 8238 9676 4140 3038 1530 2660 5980 7092 64 2739 
3974 8274 6918 2929 5734 6926 1737 6776 8927 847 1918 9142 2538 7309 5553 2122 8046 2785 7509 6225 
2262 4564 737 2819 2408 8603 3936 9115 7171 5427 7555 7667 1898 7718 2473 1376 3052 7824 1555 4759 
2170 5450 5278 8450 1869 4210 554 9637 8169 196 1497 1378 6293 3317 668 5540 1052 367 3508 5343 
8172 404 4308 5908 4063 6996 5907 2362 5454 7530 5426 6526 2514 1113 5251 8047 6230 3850 2629 3153 
8446 5880 1790 3585 1678 3561 1968 915 220 1941 1120 9336 2060 3843 8147 7786 5043 3944 5551 3499 
4648 19 5530 738 1010 2411 5329 4806 9090 2554 9101 842 1937 1061 2032 2844 7076 9632 9645 6700 
6459 5223 4245 5327 5028 2056 2592 7215 3670 8479 8923 6894 3549 9143 4215 2783 9215 1726 6682 3591 
9911 7211 673 7130 318 3413 3610 1297 3970 7782 1168 4566 5800 1133 3974 4809 3257 1344 6208 6171 
83 8808 8361 9681 5888 7171 1227 5355 1088 2584 5904 5348 6090 811 9622 3695 5635 1399 566 2506 
9698 2378 9711 427 5475 8516 1708 8213 7866 7690 2924 3956 5124 4068 9981 8532 7839 500 3660 6493 
9861 2119 1374 9651 1792 1143 7996 3162 301 950 523 5303 3073 7062 3222 7321 4353 1877 1974 2214 
720 2344 617 1209 2625 1512 1929 2985 8577 2520 4051 6236 7523 1060 7320 19 5266 9299 6248 6064 
2522 2454 5610 5923 4840 6006 4377 5219 7799 5587 9325 2322 6382 4594 4778 1405 9708 6181 8669 9662 
5270 2908 8085 4505 9352 3341 8360 1563 2012 9841 4933 7964 2524 9877 8839 2311 5165 4903 5783 5607 
4119 4631 7998 2007 6838 215 287 5377 8006 9074 6657 1678 4033 8020 9781 7689 5889 7829 3806 1148 
804 2375 2393 2621 4737 5107 387 7740 4479 9180 8308 3991 1736 8008 7920 540 3202 6454 155 7419 
1922 3191 2587 1933 9890 3590 9114 5381 5306 8538 2621 8197 3988 373 1598 1060 1813 7765 2039 2152 
5183 4014 9830 2562 1557 7164 8796 8871 9567 9603 1999 6467 5591 6902 1937 2698 8382 8143 4574 6470 
2774 1943 9414 2894 4857 6302 9220 408 6211 9977 8128 5484 3263 2708 2835 9651 2282 7146 8217 481 
6793 9880 408 168 2178 7214 8594 5478 297 6986 9182 898 3394 3346 1082 9782 2106 8002 8594 2338 
1549 125 9564 4622 2241 9485 7137 2068 8272 5043 3784 4967 2132 8476 4280 8780 4382 3119 6750 5922 
4655 9526 8834 710 9367 3495 4661 4922 9401 503 3422 9145 6201 3857 3822 8270 3538 8704 3024 3716 
1860 4406 2806 3752 4201 3832 3561 2205 8521 8428 160 6281 7664 6048 5648 4768 2067 4288 850 7803 
8163 7767 178 3101 2803 7655 3562 99 9527 5578 4725 6804 6363 219 1229 229 5433 8980 1373 1474 
4161 783 6229 1596 8543 271 4136 3661 7116 2700 2118 7780 3031 6622 2835 9695 8918 2514 923 6489 
7599 5941 3566 4910 8353 362 3982 7985 7269 6398 7726 2001 2566 6862 7660 9664 3756 4512 5744 4197 
4257 9835 2640 5731 8904 4513 5207 1275 9434 1311 6426 1493 453 4866 2178 2371 5357 2517 3445 6148 
6346 6525 3021 8733 2077 3028 8496 8643 9415 4875 2679 6096 5523 8703 8340 2492 6397 5453 7172 8326 
2879 8975 1347 2678 7976 78 278 1462 4921 8910 5319 8126 766 3733 5233 7318 1865 1102 9500 3712 
1758 5858 4105 4145 1736 2379 6192 5835 3675 8716 7775 5656 2586 1312 1235 7627 9376 35 8440 6579 
5083 4259 5827 1130 4626 7082 2121 9378 949 25 4893 9972 6373 7625 3730 4304 7396 1069 2588 5229 
4276 6392 5887 1312 3655 7679 4357 3719 7975 5269 3614 3183 9677 2302 8511 710 4122 3662 4623 8085 
9590 8438 78 4391 5553 937 7298 1273 473 8464 8921 1611 8416 4177 1784 955 5452 8048 8872 6144 
6884 4067 9575 2878 9297 7232 8496 855 5894 2314 4674 5970 1427 4470 6058 3627 9730 870 8282 3500 
2013 7670 7673 3976 2940 4117 4496 9877 6764 8940 2524 4161 7109 4183 3511 15 622 9455 9991 2343 
332 1180 4688 8963 1346 1333 3017 8969 782 1094 1111 4697 2619 8194 4198 6392 2369 8230 2601 2430 
7809 6090 5936 5761 5153 9801 7088 6897 1764 456 5593 3018 8291 6529 2202 4078 1731 3172 8826 9518 
4019 1050 7158 1278 3858 4811 1359 4738 7006 801 1846 9301 3861 202 9861 1340 5328 6803 4229 8966 
1565 2365 9112 3999 511 7932 8908 6655 6799 3276 916 1695 4611 7367 5522 5299 247 5382 1974 5610 
1343 2575 2223 7254 230 566 7897 1567 5305 9453 2961 7230 4158 9766 1777 2449 6601 4340 9240 185 
9921 1116 9824 5891 7496 451 4748 4891 906 4011 6450 2334 7904 6552 2564 435 555 1107 2840 426 
1534 4914 2518 5737 5562 3738 315 5530 3885 2013 9386 3226 2077 2695 187 6076 2396 141 6767 4140 
3117 5632 3204 238 1296 2300 5431 6039 7826 4404 9655 9170 8444 7698 9459 2254 526 2797 7958 9977 
2025 7554 2963 9137 2046 4159 2573 8229 3065 3953 1184 3968 3481 9017 6120 5985 645 912 4577 9968 
4432 8399 5060 1457 5599 9907 4555 7850 5200 4682 3018 1199 1066 9353 155 7061 4539 1034 3750 6635 
3290 3482 3141 282 7738 8162 2021 9200 2009 1552 1236 5517 7856 1297 1837 1535 7964 951 7196 5883 
7585 877 8932 1379 4743 6780 8295 7012 7623 3490 5315 598 2351 2431 6083 8094 5393 8895 5397 4846 
1857 9918 9217 9631 4986 7708 9926 849 8465 5504 7960 4323 1722 2473 8536 8692 5816 4088 3675 5618 
7570 4371 9002 2661 5226 2537 3475 8693 9620 6381 4898 8765 2298 5612 3928 4137 4380 8757 4085 329 
5321 1508 8054 6356 6879 9508 1103 6893 3295 4666 8331 3390 9336 6644 6743 8690 4487 8022 7439 9154 
4386 5385 1302 5337 6454 7463 54 9489 7585 4545 6029 2097 1358 2985 2237 5673 1933 2240 1680 3033 
8783 2472 6763 3307 53 6631 8377 595 6209 8307 6460 8762 1232 8923 3779 2466 1896 2402 8979 8886 
6138 5757 4282 1634 4252 435 6364 6489 954 6858 1740 8078 6906 8852 9316 3245 2090 9371 8452 5908 
2772 236 7052 6812 4500 8852 7309 5483 3307 9188 4290 2851 3899 8777 450 595 6132 1049 346 2951 
1906 446 9102 1242 4153 9094 1457 5361 8138 4553 5065 1575 2833 3216 2832 6849 3265 2084 8037 3718 
516 4787 8800 5513 1690 1171 1696 403 8187 6036 1048 2371 5248 5034 5907 7736 662 5035 4530 11 
3333 6742 7498 1893 4006 2770 8425 7834 9409 2 2348 3465 7503 5552 3172 479 9104 4044 6247 9836 
7392 2840 8821 4107 7516 7165 7039 1340 5087 3327 859 7278 6487 4027 3097 2422 8742 1775 5370 5435 
6978 5333 5769 8919 8761 9606 4281 865 1497 4861 6329 5584 4304 132 1721 9312 5075 9355 4979 2503 
4099 3147 8635 5610 6146 3690 1263 6186 7966 323 4294 3362 9038 2466 5378 8285 2785 8509 5626 3852 
2065 8852 5573 1261 494 4132 359 2279 9372 2520 3415 2807 3189 4344 5258 5241 4953 8865 8881 622 
4065 8489 614 6006 5098 1885 457 5984 6469 7897 7417 8852 7288 9304 1297 368 9947 2827 9683 8400 
1684 5459 4466 7647 5534 6066 7339 4846 7962 1877 4613 2610 869 7445 5613 400 216 4436 612 9759 
863 8224 2397 8278 1902 419 6548 1956 9538 2026 1695 8318 6967 6217 6238 6001 2456 9850 8073 3310 
8981 1123 9689 9737 135 8397 3835 8812 5368 2728 6204 3484 2834 520 6323 4279 7235 579 5702 7203 
9299 5186 1514 7875 9767 9637 8294 2185 6898 3428 1205 5384 1453 2989 577 3976 7658 5885 3460 9543 
9247 1968 5415 4933 6063 5511 380 7679 6407 6047 4511 8358 4049 3131 4126 1411 9966 6836 5249 9366 
2599 8769 2422 329 6207 6458 4560 8753 7313 6049 8885 2953 9633 536 200 8299 593 4416 1652 4320 
6466 4336 823 7235 8990 4818 4297 1055 6560 298 810 7154 8954 4245 4866 9371 5106 7220 9730 610 
1089 5661 3308 2685 6823 1260 9189 1929 7564 1908 4508 9448 7436 9456 6948 2455 8236 654 6607 931 
8974 7570 7223 3479 118 9431 6926 138 8354 6125 281 5817 673 9801 5021 7374 736 2730 4388 8970 
1426 9207 200 9734 2792 8315 6427 954 5538 2501 6434 7922 3682 8749 6154 3717 2061 3161 5062 6658 
5892 6024 2040 1843 4728 7332 6663 9703 7069 7199 9239 9751 6536 3143 7172 6614 9662 1740 6495 7321 
9682 8369 1993 645 5685 5210 7841 1877 1365 4905 4064 5580 3840 9952 800 9652 4088 5395 9023 2219 
2411 7168 3960 2273 9022 9453 1451 2087 7575 3579 9861 5091 9418 1421 9669 5641 4613 1765 3493 8113 
7712 3523 4172 8596 5677 6668 7862 3047 3882 7867 5854 6040 4843 4350 4760 3287 6087 7682 8019 2806 
2006 7457 2722 8131 655 3457 7937 5320 8718 7664 3913 9553 4021 1856 6409 9597 2977 3961 7832 2075 
8284 1753 8488 576 5664 9890 1692 8362 5264 8251 8251 8876 1671 763 194 695 5706 107 4314 3223 
1877 8194 1947 4379 6549 5269 5398 7810 6834 7842 7398 1340 7821 1460 8690 8840 8204 7136 3751 8128 
7576 1935 6767 660 5599 5715 1991 5918 4370 1052 9118 1124 9018 1806 6926 1107 9561 4666 1342 809 
2866 8202 2873 4896 7161 8833 2111 6129 7880 4802 5031 1788 4099 1393 7623 8820 1131 8580 1851 8091 
2995 7674 6445 5922 4659 6649 7509 9034 8878 9682 5435 8593 5042 2028 6372 4828 9120 1749 2293 1080 
7316 78 5180 5871 8172 7284 3511 9076 4667 9318 4150 7534 9793 177 7622 6398 3255 7561 544 6286 
4313 862 4752 6929 6528 6545 9971 9929 7384 5803 4419 3643 3235 5915 7315 4062 9247 5570 7453 7946 
741 1570 6629 3733 6844 244 5836 4093 164 2620 4373 7228 5304 8892 3947 7527 5107 22 8631 5615 
8623 2751 4518 3609 2590 1209 5646 5058 1478 9830 1386 3090 572 7808 4908 7889 1616 6405 5568 5971 
8554 2506 6083 8887 5576 6503 9170 1266 4778 8129 3342 482 6301 3466 5546 7764 6877 4477 2692 7006 
656 7795 2437 4532 1299 9525 8100 6436 2580 6788 243 543 5204 4003 151 502 1940 7479 9559 2964 
4646 615 1851 9430 3767 4043 2486 4249 5083 7606 958 1310 6878 3201 7073 2897 3937 3445 7248 5280 
233 3384 3140 7467 8203 5352 5176 1008 9916 2298 7522 2043 5946 1538 5163 9055 1778 4830 7407 3731 
7813 9890 210 362 53 4980 3097 2053 9074 1274 6981 2962 4058 6325 8482 5770 7221 2755 6455 4933 
8357 8376 7260 2133 7495 1836 7576 9239 5708 8279 2407 1611 7111 3526 8971 9878 6823 4284 2806 1271 
5343 9038 647 7022 934 9510 5742 9625 3785 8654 7854 7033 9212 9080 3880 5067 3327 8921 8060 1759 
9548 9546 5041 5292 8426 1843 1900 7946 8578 5867 3215 1426 7531 7519 7634 5996 554 179 7165 6106 
5823 5138 3550 7436 1011 1885 6588 4500 5741 508 6468 3133 9837 1412 3501 9853 1364 845 1804 1556 
8132 7343 9911 1540 1988 4967 8906 6971 7319 3546 8590 4983 7007 6077 7591 910 4781 5239 6446 8126 
8798 9358 865 9489 7678 6274 2720 1869 2258 7440 4608 9921 8224 9104 9315 4608 1792 3267 3315 8608 
4305 3880 2328 2386 2195 4079 1826 3947 5994 8717 5178 5735 9274 7859 9490 2293 7901 2530 7202 9931 
5021 6781 1800 6905 188 1302 3397 3413 4287 6644 1923 4860 6238 1596 3847 5084 5861 6628 5895 1040 
1619 1710 8716 735 7066 5051 7374 2251 415 3663 9383 4222 1083 9489 7135 4738 5038 4622 7934 7870 
4735 737 2460 752 9021 8832 4356 1899 2215 6851 4256 9945 7396 5128 3921 7 5147 4480 8507 6728 
2430 2843 3938 784 2387 3626 8502 3781 8858 2953 3043 4642 4898 9625 9442 1494 173 8820 1521 1303 
6160 7413 2454 9663 9095 9058 5556 3087 9814 6110 4402 6135 7415 7413 8665 5638 9825 7446 1025 8154 
8617 9329 2688 5099 9394 7526 5056 6067 9648 384 3136 7599 6455 2672 7826 9931 3715 8603 9938 2322 
9061 4777 3626 6467 3323 578 4893 644 4390 5930 3917 3556 4357 2984 6770 3365 9327 5917 1740 5108 
513 8786 7349 8093 2604 4264 3759 5300 3703 8631 5887 2724 8452 4763 1028 9719 9740 6447 9551 7078 
5307 6574 5241 6550 1975 9417 3350 7593 7886 9951 1162 2653 5582 6721 9449 169 1133 7074 3989 6217 
2708 6272 5616 1536 9876 3144 1614 6824 5918 2786 5184 4224 4810 1163 3862 5474 6698 2197 517 7450 
3109 5236 3281 1277 985 2249 7625 6428 9695 630 1278 6623 6970 7170 9398 5497 1370 3871 6095 2328 
3566 8957 6697 8416 7233 912 7624 1597 7343 2645 1129 6643 9039 2587 4243 2584 9418 7798 7237 4778 
1157 5827 6102 7491 4670 6779 1201 6818 4089 2932 1756 1340 6712 5660 9191 1695 7572 4579 8740 1111 
5516 1911 6103 8140 9754 4559 2943 3342 2662 9189 1614 145 8846 4726 5422 7224 9918 6270 1757 1045 
5561 3203 2856 4088 7032 3592 2903 7219 6347 3727 5946 1038 7426 8202 2956 8090 4986 8221 1414 2531 
3213 3770 7098 5066 1297 6734 8868 9933 1069 2044 8752 1236 1440 6147 7079 6136 5420 8991 1892 6671 
468 8764 5996 5228 367 9635 8431 2659 6726 663 9414 6879 4143 6110 6770 8101 5679 3929 5206 8950 
266 7905 481 8561 7040 9032 9556 1253 2361 7465 2744 7904 6144 1311 7684 7928 4561 7256 3451 2904 
5099 3744 4099 9251 5778 650 2838 7402 8462 210 589 4341 4180 9283 7575 8763 1277 9885 8709 5385 
3613 428 8880 6421 7125 1860 3308 8712 6811 2863 6181 535 8103 5044 1381 1612 4491 6431 4343 1278 
7078 3210 3374 6425 7470 7318 1538 8293 5447 7957 8665 854 8999 4698 8925 4727 6478 9645 7576 1243 
1137 9946 8669 9104 3036 1853 1553 7884 730 9459 3771 2896 3859 6142 3536 3266 4286 9599 1443 4526 
7619 8290 2310 2325 6258 6346 9269 6133 4266 7237 3525 9050 1398 2325 2684 8070 1930 8508 7549 298 
5675 2975 3245 539 9343 444 3852 8335 3727 7757 5136 6063 2317 8308 5631 8719 6897 3887 5854 1169 
7367 7682 6867 438 5954 3665 9095 1713 1702 6808 6452 1253 6600 5092 1269 1337 5348 5752 4617 9581 
3564 5118 5233 8491 3275 7954 699 6816 6211 9571 6912 756 8706 6914 7076 6675 5938 803 2183 4530 
5250 7574 1931 1113 3494 4154 8090 2578 6357 1771 1946 8189 9356 9669 9624 9097 1188 5764 6724 6109 
1900 3044 599 1085 6532 3332 3262 5 3167 5858 1683 2167 5135 2446 1476 6586 2151 9059 3950 5626 
3242 7006 3439 4545 9918 1142 4437 6593 4489 4289 3517 2545 6425 2952 7208 5777 141 1440 112 5688 
5405 7568 6218 8632 2607 9584 5460 7514 4518 5225 6176 516 3888 9383 4043 5398 3042 8367 8315 653 
9338 7093 2948 7610 7837 3773 9312 2546 7949 8834 9869 8 9538 4993 9485 2039 9305 1444 1423 8413 
8656 6481 8916 8432 9057 1045 1535 9615 7222 3631 7907 6918 2047 7507 6326 6271 1363 1046 6127 389 
363 8222 6282 6504 2607 6495 3837 4226 5185 1201 3857 8040 4088 9448 9121 5020 7944 5033 8432 9696 
5313 4496 6996 1585 2991 212 1294 1056 483 9463 8482 4997 5287 531 2469 6999 3283 3654 4985 8851 
3157 3133 3382 697 1885 1286 3753 4860 4501 1178 7932 7158 3290 9612 6681 9724 5671 7493 1864 1328 
5124 4053 9171 8014 7056 798 103 4364 9263 4007 7350 6862 8738 6862 4617 558 3885 6742 4839 4401 
2902 6550 7510 8400 7473 8480 6206 2305 3934 424 1145 2692 3318 4840 6065 1760 8865 9467 6605 3391 
8272 4121 6459 9835 5415 9784 8483 8881 6851 5374 319 354 667 3915 8394 86 8346 2426 4323 246 
2982 3011 7889 2196 9886 3788 3181 1512 7370 4876 6101 408 585 1652 3831 1812 5199 8516 4093 3916 
5595 4253 8759 5434 8540 7926 8295 3572 7231 2674 5587 8366 1054 6393 1830 5945 9511 1011 8054 6400 
9087 8385 3312 5309 8064 553 599 4153 5940 1269 4632 9921 8225 9024 3771 1216 6911 1207 5770 6632 
7284 5458 6792 2896 7171 9793 891 6875 1354 4103 6107 4730 3474 9315 2962 571 6494 2780 3093 7194 
2218 5429 8946 629 9746 6752 9569 3581 4222 4107 9925 6008 6985 4065 7317 6639 3356 4943 5629 6699 
2511 9852 6263 4490 2939 5956 3927 7727 7422 5585 4862 4317 6255 3738 7419 4697 2054 6345 9494 7185 
1025 5814 1809 4798 5952 5417 3833 4429 233 696 9816 9123 7432 6440 3201 552 7595 9035 568 6843 
3807 7930 5195 3719 4162 6144 6531 8276 4354 8263 7282 5115 9499 6975 6578 7789 4330 5669 3019 3013 
8157 8130 6284 9878 5633 2570 4746 6536 2845 4965 6324 9776 4828 3399 9732 999 8468 7361 8276 8206 
7374 2736 2559 8123 7678 5255 6263 1271 8850 5603 4166 4031 7775 7902 4218 15 7229 1239 9353 3270 
2402 7984 2806 5969 2174 577 1705 4220 7261 4824 8185 5448 3376 1155 4657 1664 689 2732 4314 7659 
9675 4251 3287 3215 5331 3819 6759 6730 2914 3923 8305 618 9386 1923 3106 3362 7786 4701 7242 1650 
9297 3986 8364 3101 2955 493 5605 2954 9716 8165 8743 3916 2665 3663 5995 5181 8439 2540 5719 9871 
4708 5407 1623 7223 391 8526 8474 5803 5929 3330 4694 5190 729 550 3743 5343 6950 3534 6230 33 
702 6894 8457 6181 5188 7252 8993 1080 2633 8643 3232 3147 2051 7428 8668 152 8328 8739 4579 5599 
6390 5010 5987 4699 2604 7044 7745 6800 5189 7414 4211 9195 8443 1589 949 3377 2473 5610 2819 92 
9950 2901 4305 3778 8759 6136 6437 4749 5053 196 5685 1217 9079 7048 6320 1436 8780 2060 1868 6404 
2835 9703 799 7531 1710 4023 551 2581 1102 4143 5593 4358 9639 7327 1313 7070 7463 90 9745 7070 
6834 5137 4249 4732 7128 3009 7188 5372 4617 6286 2900 7209 1669 427 4384 9817 3330 7143 2288 739 
5744 1771 6567 1066 3266 4387 8786 1562 3450 490 2946 3843 4205 4665 3018 8371 1509 1570 5979 4754 
9882 9528 2068 8620 3868 6885 8193 1602 2168 9431 2032 6636 4252 5780 1476 6545 6599 5687 5951 9104 
1198 2439 2707 948 3436 5898 8695 911 7055 6423 4041 7318 5518 8830 4071 9747 6510 3447 9208 257 
8142 4316 4744 4833 3297 2201 6502 9624 9616 1648 521 2997 2867 571 5708 2312 544 7185 9307 2651 
8359 2800 1499 8595 1619 5359 3799 8475 7411 5903 523 6211 7907 642 1011 2447 8210 5602 2506 6875 
5731 2413 3947 9429 1706 9980 2850 3952 8390 3140 8994 8903 2149 8527 5321 8151 5712 9838 3655 9348 
4719 892 8052 100 136 5207 3935 9963 1143 8671 1790 1815 3091 3599 6039 2758 5802 8310 1462 3422 
9430 3254 8590 5150 2210 558 1694 4917 6193 8457 5045 2678 3880 1001 8881 3756 5752 9344 944 5667 
6129 2448 1753 883 1984 1223 4627 4587 5579 9511 4091 7611 3843 2915 5839 7715 6450 6683 6982 8435 
5770 3418 8290 155 297 5314 6590 3914 8081 685 2453 1924 2845 7204 2949 2924 2653 2448 6236 5548 
7696 3916 4091 4244 6304 3255 6292 3007 5015 5255 7903 4890 1284 1534 8155 7457 8207 4318 7011 7377 
8429 8358 5617 5769 4345 6885 3081 953 9649 5169 1881 48 5008 6022 52 8858 3942 1798 8702 5177 
920 6748 6969 291 9136 8187 819 6708 4480 1912 1315 4300 1979 483 571 6059 3730 9568 2582 5840 
1090 1446 1714 193 1482 4786 341 3666 4533 3982 2697 2074 2385 2473 4945 5701 276 7941 3890 2325 
4164 5329 4228 8237 5477 6837 9683 9676 8780 6484 2320 1612 7124 4644 807 951 547 1532 151 6670 
6763 8935 767 5935 1862 3919 7310 7671 6402 7214 4357 3270 57 4042 2321 5227 4377 4878 7153 2038 
2224 6720 9732 8929 6799 1733 8035 9081 9016 5973 3800 5065 7200 6176 8856 7745 1199 7555 8420 9067 
9592 3396 2032 5527 5479 2555 491 7922 8315 4955 1922 4381 934 6273 8962 3637 514 5906 1667 9778 
4133 9084 4221 4549 8014 9801 9253 788 8068 8804 8596 8789 3453 6552 6116 8325 2941 4397 1993 7868 
4790 7023 6231 9015 4976 6556 3284 5395 8656 4227 6575 9839 5806 9983 3431 5134 5406 5533 2814 2478 
1041 4049 6817 9281 5757 4313 1145 4529 8001 7969 9121 9649 9529 2816 1792 6408 8227 57 6391 5061 
9323 7159 7587 1624 5947 2928 4956 9528 1216 8587 6979 8019 4966 7106 2066 4264 6707 1180 6407 3890 
4411 6791 9474 498 6666 7626 2683 146 8810 8602 9522 8474 8549 7974 3026 785 4354 6045 9901 5765 
5207 6479 9273 3401 9652 8023 5909 3420 100 3432 9383 6407 2095 8751 6647 9397 839 223 1839 8718 
3151 5428 6518 3551 1241 8034 349 587 6209 111 25 5575 3182 5079 3078 4553 5769 5 2301 4313 
1894 9694 5993 7425 1217 4340 9248 5952 6579 6036 475 7989 4931 280 3048 2459 3291 9208 251 8780 
6407 7416 9955 4412 4583 8403 2955 3858 1055 4056 4066 131 7698 6957 6578 6657 9781 1508 1640 850 
610 4901 3668 4285 2740 1506 8533 8575 4950 6451 2625 645 2100 8616 3671 6429 5108 9700 8199 9830 
7276 6580 4911 3207 3522 746 4470 5875 2022 8054 3049 5256 9923 7878 4422 7030 3910 9273 2697 6819 
9849 4023 8265 5717 8590 4229 4625 8329 6436 5162 2725 5345 9157 9441 2888 2564 1579 21 3393 3480 
7443 9434 704 2928 3299 131 4982 8448 2143 2194 6320 7779 3107 2438 2641 5679 2322 7682 2165 5221 
6779 6802 1021 3445 4226 8890 4290 7901 7172 9666 4101 1872 8330 7857 9532 4149 7887 2149 7409 2956 
6629 5087 5305 1628 8188 7263 7982 8100 6815 5515 2575 4894 4164 8047 3063 8671 1661 5615 1710 4162 
4302 6315 5198 270 5170 5489 9419 7821 313 9838 798 3121 7697 7961 2158 493 5505 4288 4372 9070 
2299 2801 5265 8008 2864 5771 4497 3088 2275 2449 6808 8112 5979 9331 224 4003 527 8138 1071 347 
1559 9707 4858 4957 7675 7613 3261 5735 5722 890 8749 2045 8291 8333 9642 2285 3749 589 2469 3410 
1349 8581 4429 2084 2545 367 9141 8256 1701 4877 4073 7084 4711 9788 7799 174 728 111 9252 9539 
5990 4048 5927 2028 7707 366 683 1006 409 4702 6762 350 6774 3315 4454 3169 9031 3345 9785 8818 
6953 2944 4446 1585 1356 3493 824 7766 2073 3590 665 3731 8153 2628 4240 2256 8128 9040 1936 451 
7080 2727 72 3011 6602 4515 9211 9988 2223 2451 1167 2739 8365 2483 9470 6018 4187 2071 9818 6549 
8378 4514 5890 3506 3730 8691 178 4293 2496 4572 3533 4980 1919 4596 8128 8684 1581 4955 1101 8540 
2932 5684 3924 6868 8084 7749 3844 9751 8514 619 2782 683 6015 9739 5423 7049 1519 2250 9459 7158 
258 4359 7586 9115 2670 1273 2558 5865 7536 4826 4737 7433 694 1110 7590 936 6790 7081 9764 7384 
7040 3643 7968 7900 7104 2169 9557 9032 547 440 6036 4568 3924 3659 7586 4175 9443 1856 6595 1135 
7106 1872 7802 2583 5887 5762 2322 2915 1074 4350 3318 2739 6411 6490 2886 6572 1260 1357 3310 3061 
100 6872 2913 9987 1556 4005 5932 1404 3340 4143 847 4384 8729 8472 2335 5535 4238 8527 6783 8804 
9359 9236 4679 2311 836 1591 5218 3538 2639 9695 9129 5770 3826 8145 3626 9382 4902 2318 9393 5214 
1265 2393 7590 2105 3816 9705 472 9866 425 8041 2181 5727 4389 9216 7396 8496 4756 6560 9192 9597 
9608 7419 8360 9264 4563 577 2131 5811 4691 7763 3827 9939 3112 6991 5690 5695 8891 7949 2331 6958 
9189 3026 9126 2850 3478 2 8714 636 570 7101 2253 445 9820 484 1290 740 6040 3173 9160 8244 
7485 3476 9039 1017 6828 7175 9533 1928 5759 296 3503 3159 1891 7476 7635 7638 7764 5174 1138 7990 
6542 3129 4030 1514 4974 5510 211 134 9414 4967 6358 8937 918 8425 3489 1805 2049 7406 2737 5870 
3432 5161 3512 2283 9464 988 9848 3536 8171 2440 1835 8105 636 7289 6432 1266 3424 9795 1475 7475 
2314 6666 2459 1947 4507 9802 475 5751 130 4728 2786 7014 1442 5286 5379 8294 5217 6106 2685 8060 
5534 2585 642 7034 8100 7962 9477 9512 9701 9581 2129 5309 5666 2989 5968 3679 7173 4879 6039 220 
3639 1980 8532 6607 293 3391 806 799 7526 3680 1479 573 955 5086 2617 1071 7674 6142 7242 9567 
6998 482 9177 7441 3758 3518 8937 7488 8585 8400 2009 385 5898 4533 4296 198 8232 3203 1193 4132 
8651 5488 9435 928 3595 2736 171 1442 5672 7683 5770 5332 4410 3139 3899 4308 8335 1042 5088 8194 
7741 1191 4617 4421 6970 4229 6394 1414 7243 7714 4829 7827 5357 9172 4173 2421 1229 2724 7914 4932 
5047 1573 4620 5412 2513 372 4575 3236 415 8228 8079 3204 6332 4966 5085 556 4767 8060 9024 1515 
7910 6647 5287 9578 611 2638 9763 5647 8022 8639 5654 9873 1115 334 4041 5807 5529 8097 6729 449 
6216 385 8824 3908 3512 2385 1503 1085 9600 4464 9729 9681 4627 9821 6184 8635 3527 3996 632 7580 
9315 3058 4307 2195 7011 626 3560 3375 5866 9071 6874 8173 2042 4926 6235 4738 7972 3026 1173 5508 
1258 369 4698 2865 7676 7410 6557 144 4649 7493 9081 4741 2423 1205 5415 6039 1313 8947 879 9780 
7503 745 1212 903 5293 8087 5215 8999 3407 5158 8291 4839 1795 2150 9986 8759 1378 5289 5102 3566 
6655 8670 8529 9003 4022 4233 5349 4809 1414 6137 7780 1102 3249 1472 2305 5104 531 6273 980 593 
4040 6203 3691 6988 8119 2272 808 2096 4871 6194 2216 1011 134 7504 6027 9759 5387 8322 5419 9325 
9799 7379 8581 1475 6906 1749 4687 8146 9853 99 7021 6437 7374 5365 7308 5370 5821 8444 733 9117 
1460 5293 3061 1073 8724 5522 725 960 677 2672 6647 5372 4828 6092 7899 9822 7772 9792 8794 6031 
6759 3396 3335 3538 4124 3651 2573 4484 8558 6225 8670 2546 3461 6614 3760 853 7742 5605 7776 6369 
198 2821 3448 4481 9142 7473 5329 5244 8731 4172 8584 9719 3136 7765 5112 9803 1944 5344 5003 7219 
834 7378 4975 3943 2763 7788 9931 8495 538 8618 5109 1570 2426 8909 4298 5901 811 1709 3298 3564 
5948 3637 9642 9101 6588 8626 3524 6393 869 8893 5585 7668 2089 8301 2927 2501 9431 2029 9820 663 
3060 407 1132 5140 244 4331 204 1012 4182 5151 2556 5476 4163 3484 8829 8963 5507 6925 8382 3750 
4959 2377 6105 7966 9638 2337 9334 7297 1545 5678 4248 6062 440 1134 505 8716 4393 8864 9285 3472 
6180 8307 3097 1823 5336 1680 6984 7184 6362 1344 9051 8187 7560 5552 7143 7058 9480 882 2518 227 
4970 5005 1034 7886 1787 4211 423 8979 5205 9411 4970 4101 4534 6485 9818 2833 634 9218 6268 4173 
2261 6580 7674 6869 8069 3685 5846 4004 9388 4785 8493 6703 5101 6608 5807 495 4636 5844 3564 1397 
904 6435 2815 6563 2062 4964 9023 7298 2271 3426 8813 6470 5598 6090 9006 8858 5662 6506 3395 9782 
6977 2438 3698 6312 7774 3545 2064 1742 2785 1468 9953 2153 1509 4680 5873 680 4321 2736 1224 6793 
9841 8387 3883 5688 4545 1763 4182 3110 4684 7774 1704 8635 3666 3502 6856 8946 4609 2490 4394 3139 
355 3077 3557 770 2429 4597 6762 493 4365 9068 5965 9733 4901 4045 9821 9005 2701 1624 1857 6213 
492 9600 8560 6750 583 6744 433 313 140 2420 4948 723 8869 6244 8342 85 7063 6079 2315 9471 
5930 462 3862 5734 4566 3655 3970 8726 7263 50 8271 6449 5531 230 9463 2305 4693 6832 9986 2302 
2485 3176 3265 9768 673 1779 2656 1122 4944 9832 8792 2357 5144 33 5880 7777 8467 128 9155 9932 
4899 8792 9267 4488 8163 6260 1518 1127 6363 1000 8186 1411 3259 1027 7238 115 2870 6287 841 1226 
598 7082 4789 7861 413 3690 3773 9 8332 6357 2890 9876 5432 8917 9141 3629 2076 5559 9511 5956 
4551 6924 6407 1643 629 8709 2367 4227 3486 1295 5596 3470 9080 1240 4706 4071 7948 2167 1195 1862 
6550 574 8753 1402 1134 9350 4158 2017 2904 3166 6686 5609 4335 2609 7838 7465 2976 8577 1353 7832 
3686 2144 2139 5209 3358 5096 255 1456 5944 9031 2253 492 3803 3011 6128 1284 3584 5883 3851 5523 
5992 6459 3070 7430 3395 7386 3320 3819 4622 5637 6547 7290 3272 6706 9667 506 3237 5993 8154 2165 
6939 5441 6723 6354 3058 9292 4542 9736 9933 5349 1338 7709 3817 1196 9685 9034 6068 4869 1487 2036 
2265 1076 9876 5999 6447 1980 9550 9848 6663 6996 5463 2671 2066 3994 3587 452 8335 3407 9836 5566 
2022 2375 7346 3778 8267 3717 2534 8497 134 638 5153 4798 7502 8601 6361 9943 3513 8737 6865 9257 
2817 7188 3169 3633 1468 156 8568 3723 8304 605 2253 2120 6105 1219 3623 9216 6226 763 16 4888 
554 8783 6906 603 8072 3322 1699 1765 9874 7971 7822 2894 7451 8562 6226 6685 7170 3851 8381 2266 
2264 7170 3578 5036 2777 9513 68 2116 8753 1285 7340 6621 9448 5693 3895 7160 1552 2281 971 9428 
134 1055 7664 2045 303 7031 3784 7967 2043 7740 4 8311 4611 5414 7470 2273 6873 4271 2151 2570 
4638 774 2985 886 6182 9873 2754 6526 7904 5817 1385 1684 569 5649 8918 6793 149 693 373 7074 
5432 340 6165 9800 7096 5339 3064 3048 5635 979 5570 120 6795 1840 888 4242 3327 2547 8554 3381 
3214 4311 3306 1298 7409 3607 5797 6885 6079 4247 2742 6957 945 3828 8281 9634 2916 3354 9833 3957 
1037 890 7612 3925 5848 4180 3719 7853 457 3083 8724 4839 9955 1908 4895 6512 1980 8671 1992 4874 
3508 6062 9118 8263 1834 8663 6072 1234 6983 2669 7351 1867 5221 375 321 7877 6127 6113 4014 618 
2081 5633 3741 3200 7049 1228 3897 889 5698 68 9021 9815 5576 9909 728 2576 6595 4027 1568 3323 
9856 8784 1370 3375 2074 2282 8019 7176 2466 3299 8014 1262 7402 7164 5267 9311 3378 4762 1498 1477 
5830 7074 5237 4314 8948 6665 6498 3250 2253 1953 6428 7117 2218 7468 7398 1718 5024 3164 8385 2651 
1853 3157 6008 628 1020 1516 247 9691 7109 7319 2099 7286 1855 4399 1020 3343 248 8138 8487 4124 
3391 3703 9913 8375 2583 3490 999 1854 1350 7497 6769 2310 527 6961 9486 32 7225 7167 3641 4265 
0 376 6078 2312 6841 6740 6937 3042 6628 2909 1239 3608 5680 4931 9408 6033 9436 8160 3770 7051 
2800 5307 9231 1354 3915 2760 1131 2787 1156 1630 7074 4029 1794 487 1106 627 3885 8866 4955 9883 
6962 6284 2081 2954 6157 9178 7369 3029 1781 847 1989 5533 528 7340 7395 5061 6241 1265 2540 9100 
6232 1453 595 1516 6382 2108 1436 6071 7116 7060 310 5871 6578 4671 9695 7034 7715 5142 7023 5014 
6207 7825 4394 5443 1654 9022 1950 5497 4590 7702 7289 3334 7449 5457 1665 1292 5153 5866 3856 8485 
1164 4896 4522 812 9929 953 2515 2616 3933 5000 2136 4099 5043 6960 1539 4732 1792 2331 2203 4291 
7563 9759 9818 7387 7139 8309 3858 4500 9566 818 2185 7553 1346 4173 9298 5963 8941 330 7708 8981 
1178 8076 3769 7180 6101 6186 5685 2181 221 9407 3676 7629 6344 5361 8275 8652 4540 2743 8572 9060 
6775 4351 8454 7387 276 9815 2303 7044 8862 2111 684 383 9239 2874 2962 4422 257 6486 8907 4246 
7110 6192 9794 9070 6305 4041 494 8992 6749 3774 1017 9805 5737 2520 7009 9555 9152 8337 7772 4752 
9571 865 7025 9995 9136 9371 5739 3368 3199 4031 9944 4554 7208 954 9507 5256 9314 1635 2059 9485 
9239 2498 2720 9450 5323 6581 9002 9667 6003 3674 941 8706 2634 9141 4515 3909 6090 2541 7722 7106 
8940 6644 6965 5308 8573 8853 7300 9357 5341 6036 4101 4636 21 8767 5292 8019 708 9964 7399 435 
2295 5651 9687 395 284 1478 4563 5084 7751 3406 334 8339 959 1755 6407 8141 989 6158 7458 4850 
6366 8747 4584 934 6422 3137 6662 7937 2001 5918 6446 3785 4810 324 8509 590 9657 5726 4069 2872 
6897 3443 2716 4229 1016 9552 6771 3435 9728 7400 8619 6440 363 6066 7267 8800 9987 7724 6428 5171 
9856 8066 4283 9435 1126 3066 85 1962 3802 7351 8121 8578 149 129 5185 7468 1181 3370 3900 3078 
6236 7101 1786 4604 5077 6021 5663 7412 3517 8256 3384 2445 7316 8548 5764 4636 9439 2091 7166 6263 
3916 7934 3244 8619 1910 6951 6692 182 7935 1281 4298 6366 3640 6394 5843 8749 6446 8726 8777 6966 
7089 7871 1313 4730 8737 3446 2573 9166 9509 1125 7645 5928 7653 8826 5189 3575 3009 8373 3632 6788 
3464 8955 7285 6623 1504 5688 8475 9687 2042 931 5522 3731 5602 6379 8042 4587 9544 551 5466 4018 
1918 6659 8754 1605 3834 2306 8449 9689 9093 4898 2337 2005 1898 9467 5305 8290 1396 9133 1901 6538 
9005 7413 2503 973 4045 6965 3247 3900 2748 5247 7727 1428 996 2988 7149 3332 2644 4295 4278 796 
5092 5134 1196 6995 5942 3806 9380 3359 8878 3447 1706 9831 3030 8641 7751 1979 7587 5061 7742 5038 
2905 7050 5718 1129 4478 9062 6440 2805 5686 608 8081 1486 8048 3240 1593 5780 7416 1393 8948 7404 
5315 4323 1007 1649 1324 3563 7928 9467 7491 1091 3838 999 6584 6624 498 7423 287 7354 9018 8131 
6196 958 8775 5609 4066 6498 8444 5804 6602 2379 629 517 1362 9077 4828 1181 4011 8509 5461 9318 
9708 517 3413 8176 2292 3437 3069 744 7324 5559 343 7084 3977 1065 372 3332 7759 3583 3115 1438 
2359 4124 8780 8071 1435 1238 5877 351 19 9851 7086 5222 6263 530 2514 4142 6417 538 346 9559 
329 8606 1193 4105 3521 2710 3617 7553 5785 5660 7172 4269 7008 3640 7096 6053 7816 1040 8609 3739 
1516 5700 2861 1568 5496 2232 6130 9831 6016 4402 9675 1760 7496 4794 3107 8710 5326 7299 2429 2253 
3682 6155 4141 5274 2234 4356 3094 382 3203 205 6814 5205 3148 7601 905 5883 3717 6693 5522 948 
5500 2301 903 8989 2236 3001 5612 8149 9092 5247 2724 8492 4943 9192 4988 6628 4039 4335 1794 5850 
1939 9172 3167 6383 2122 9888 4842 5695 8583 7166 415 9615 6582 5470 544 734 4270 8022 6809 8225 
7652 9820 2277 3398 5230 3584 5134 2048 6264 3080 4179 3859 4720 6689 1385 6172 3224 3289 5411 3796 
5257 8513 7091 3312 9408 9147 7388 70 5254 7187 211 9387 2467 6871 7554 4961 6267 1626 1781 2810 
994 4373 1437 6962 4837 2098 9033 2618 9781 7113 9249 5125 6909 4511 9453 173 1381 5752 3328 8837 
4487 597 2964 893 1983 3197 3949 3863 9671 5093 82 6508 9172 9316 1983 6404 507 1534 3222 6806 
3631 7154 4219 6963 2950 8366 942 4441 5102 2918 6854 2306 3654 366 1281 4457 4302 9574 569 3361 
9461 4904 225 4977 1324 3297 3656 6313 3732 5961 193 7651 872 4085 9269 1247 1569 3161 1035 1671 
5510 7214 3651 5784 5776 3187 9119 626 3370 1978 5256 8792 9538 5155 3038 1149 9946 1133 8598 4053 
651 7765 9258 3316 4197 6941 1826 5677 5277 8117 3704 3456 6217 8171 885 4325 9105 2868 4828 5900 
9047 4887 5617 8585 1660 7364 1639 6628 7155 8590 6160 6744 7532 3558 8775 2623 9730 4591 7983 1431 
9262 1855 890 9386 1270 24 8384 4610 3529 8009 4967 6182 9401 7416 6330 5561 1473 6721 7953 7232 
4145 7475 9193 9942 7513 2430 195 1104 8936 309 7229 4925 6896 3151 5648 2403 9923 9723 3987 3483 
6287 5296 6856 6023 4246 6620 2492 6662 9795 8981 1251 2670 78 7219 2851 9574 5781 2877 218 834 
9378 5501 6141 4774 188 1906 8106 1645 453 5738 4852 292 9100 4338 9036 6189 8869 536 7476 4039 
4940 5204 3764 991 6756 220 7374 9288 860 3781 1239 3692 3190 9894 1043 9142 1214 2623 6987 326 
9446 9754 8299 4394 6962 8865 3551 7343 1638 6983 8217 7478 142 5509 6184 4617 9485 7160 4809 915 
5566 2688 2489 5387 4515 5656 2872 3584 4400 3356 3851 9936 6281 8602 8371 6056 9058 8275 9163 2894 
5603 7663 6016 1354 2155 4370 9670 402 7842 4381 1710 4539 5949 6261 8778 2349 4058 4457 8323 9173 
5646 5246 360 3805 2946 6044 7389 5737 2252 8837 741 3935 9652 8557 7197 3640 3548 807 2855 992 
2405 3623 8943 1492 5663 6687 567 3722 9511 9655 9663 8562 6523 1157 8325 3742 4787 3390 4350 6425 
7798 175 3857 9066 1642 8513 2030 4302 9478 6217 246 7848 656 6225 8971 2960 873 5609 8500 8217 
1547 1720 6504 9681 4451 4192 8880 7755 956 1620 6057 259 819 3000 658 6690 7215 5090 201 5434 
1955 9046 1170 2921 4714 7362 3975 4370 9733 6578 5075 3693 253 9466 7517 469 9605 4688 9792 3577 
161 740 9132 4093 3175 9165 9044 6183 4688 9529 8921 3404 4877 1365 5831 3636 7158 1870 3103 4540 
4815 5731 92 1646 9926 1447 9412 1974 1374 6159 5914 7886 9670 1209 7534 9638 971 3349 4006 4702 
3728 9514 9663 8150 3433 6590 9273 5256 1109 4359 5553 5793 2797 9728 6280 3321 51 648 5248 6963 
8999 1937 3840 4587 3183 538 1434 7779 4680 1907 6019 4844 9246 8951 6159 9969 3274 5999 1210 2346 
2738 7573 270 4599 4455 561 2114 5949 5725 4874 9450 6789 8021 18 7348 9612 6045 6968 8461 8724 
5161 7468 7844 1700 4336 6820 5501 7213 3096 1244 6983 9500 4223 6902 379 1764 9924 9023 4979 5372 
490 2439 8359 1375 951 8827 6630 6278 2958 8545 2334 7231 7111 250 6150 3593 369 9537 1183 1985 
9985 1565 4769 9209 3465 3091 9289 7313 5393 4876 1649 2696 4192 5685 5309 32 8777 392 4851 4408 
1744 6184 2823 9728 2642 3232 3360 9194 8715 3891 8312 1154 3715 7854 1214 9611 8669 2466 5518 8966 
1143 1141 6885 8365 3725 4405 8277 6875 9220 8730 9770 6462 9036 3169 594 7369 9813 9979 7769 4300 
6005 8571 5849 1516 829 5785 84 4580 1832 2872 1204 2320 1015 1503 1095 2374 8939 4103 7149 1167 
7492 6751 1347 8255 7004 1975 5179 4279 9491 1046 8926 9007 8041 2878 993 1910 7983 5938 2249 7710 
8976 110 1838 184 9017 3686 6984 1984 7009 1036 6476 296 8617 3508 8276 3197 9576 7911 4240 2163 
4316 320 3963 9579 2483 7979 6815 743 2120 8387 2311 9970 706 5051 1342 2379 3338 2819 9574 6131 
6629 3013 1698 4787 1390 8686 3098 9165 1332 3013 8370 2949 6986 4306 6868 9345 3444 3260 3997 8202 
8168 437 7140 6988 9988 5476 8321 8660 1917 9340 8407 4492 2580 102 9471 52 4636 847 9111 4522 
2095 8796 3612 663 5639 7745 5089 3679 5937 345 9722 4595 2971 3022 8102 6614 2049 1206 2270 9760 
7513 2602 2912 3817 1165 1240 3289 4609 7222 6368 1648 7721 171 1368 312 9169 452 1260 881 8299 
9808 9539 7099 4364 888 9467 9043 899 7070 8190 5067 6608 640 9882 975 3111 826 1186 8035 8941 
7614 4491 8235 6033 8346 5738 6581 9130 7586 6452 8429 9762 1132 8748 325 5975 8213 2228 6478 4320 
8820 4783 4847 9468 3133 2039 7725 9061 9415 2192 7967 9382 5492 7144 6148 979 4514 4375 1415 842 
1337 4727 8561 1857 5082 2831 1958 7025 5670 7374 1744 3670 769 9592 7520 9500 4802 8676 8472 5705 
9034 5196 8420 9160 1740 8540 3427 2864 5096 9716 1131 7516 9904 2699 2455 5971 4874 5274 4384 4522 
2336 4122 8847 770 2715 669 8923 3946 5603 2470 6963 6181 1101 6110 5975 194 8850 8029 1277 5801 
4248 9061 8165 7548 4889 1292 5860 8325 5218 8708 8124 6716 2760 7500 4758 4584 2948 6775 5679 5316 
3222 9663 7780 764 6638 1735 7002 5682 9430 3452 566 7099 5798 454 9567 8977 3550 30 4519 7370 
7118 1577 9614 3078 6151 4289 678 5072 4289 2633 5662 5641 4889 9618 4820 6237 4775 1496 9168 6118 
9435 3984 1675 9228 2227 3565 1119 2760 4059 6899 8263 2290 2451 1504 4192 1195 2603 4230 7402 499 
136 8602 8083 5765 8466 4930 5355 4862 1882 4875 3461 6122 2060 8713 3801 7922 2901 6337 3284 5357 
6098 3634 9052 9905 9836 8493 1252 9543 8964 2149 7245 7968 2156 3695 343 5352 6357 4940 9964 8182 
9847 7076 9815 9679 9503 5386 8435 5942 335 5406 9931 7726 9639 3959 8001 2950 5631 577 7353 5711 
7472 7502 5855 2057 5694 8998 5048 1905 9300 4001 5568 9722 1264 6885 1597 4751 4968 411 988 7984 
4085 2015 1440 9688 5691 503 4170 7715 1539 7968 418 443 9710 155 6506 3710 5324 5378 299 8709 
3003 5714 2002 9482 8790 9963 9193 4211 3782 9916 8469 7834 5245 3125 531 729 21 2845 2769 6053 
172 1185 9901 2437 9204 9129 8245 2452 5293 6455 8045 5804 836 8181 124 5783 1108 7927 8272 9973 
9878 2404 934 335 3828 9358 110 663 2154 2631 1608 8606 3819 8423 7219 1638 3517 2318 1977 5741 
1270 8969 3886 2808 7901 5046 6473 8966 8 2721 7286 8256 145 922 8060 5209 1263 6225 5981 3037 
5224 4875 83 1252 832 9123 4872 7120 8147 2735 8754 6971 6511 3947 5067 8102 2150 7666 2068 8190 
1971 1429 4562 371 2733 8818 7229 3181 181 698 1905 6362 8668 6138 5802 8468 9957 8834 7525 9261 
579 5892 7441 6850 3740 77 2808 1980 3781 1144 1568 2292 5951 9695 2087 9651 4723 4108 7695 107 
6794 2887 8183 2606 839 5995 6486 7990 403 86 5390 5839 5561 1550 6025 5881 4129 1766 1809 1542 
5144 4481 5985 4798 4817 4186 8412 7977 3320 5680 7353 317 9240 4216 9297 9427 1904 4305 8844 6364 
8643 9200 6496 2952 667 760 4410 5634 9459 3182 4595 5915 1788 7046 9903 5330 3050 3658 6600 234 
1122 6962 6925 7309 9716 865 8434 5930 1693 3945 7164 7525 1434 9906 4724 5726 4704 3612 9788 7367 
6173 7373 9224 7676 5415 6472 4768 5764 8543 6804 8711 974 3740 4799 287 1919 4040 7063 6039 3222 
3486 9236 4274 7936 374 2450 793 1767 5535 4057 129 7814 1545 230 57 9854 4773 144 1030 6388 
1753 6686 5104 2161 3310 1806 6297 2304 1368 5990 718 8344 6015 4144 6856 8740 8797 6304 8389 3317 
3927 3571 1439 1681 1723 576 4746 1883 9875 8982 115 8435 5804 3107 6871 9711 5041 363 5167 8853 
5510 4227 6693 9402 3556 4325 1089 6515 1738 7869 1385 8957 5717 6453 3138 7893 6652 5758 5912 4844 
5797 3263 8876 9967 2943 8412 5031 2412 547 556 2367 6171 3166 6183 7628 2759 729 9633 8410 6435 
5306 2591 5273 410 3463 6281 8898 4507 5641 6889 1295 7889 6854 4161 5103 1905 3562 9786 9537 77 
9870 7240 7657 5620 7625 129 5801 9272 2677 5000 192 6515 288 4081 8124 4939 7064 2587 5555 1576 
9115 5608 6410 4835 2840 4480 2035 9499 3774 74 8609 5809 7866 1391 6746 4090 661 5850 3747 1941 
3434 4276 2537 5330 3682 4397 8210 7677 6445 8920 1773 3909 6902 5456 3385 1259 3716 3577 8724 9940 
3823 6063 3321 1587 7971 2956 1903 4172 2654 3463 5756 5478 7095 9266 6738 6446 5696 4614 6579 1301 
7518 5599 8554 7999 3753 5721 9470 7560 7469 7734 7625 3510 4136 6738 4929 654 5905 233 2508 552 
2765 2624 3929 6108 5448 5322 6643 7700 7552 423 6376 7267 4104 8479 6097 5723 7776 1851 4187 7448 
1066 7440 1354 5658 6055 8875 2258 531 77 2819 6317 2478 391 6927 6866 8586 1053 5337 1819 1829 
4789 8557 8793 4986 3845 3434 6164 8869 9200 1189 2284 4813 3848 8157 6823 204 7809 1883 1613 1911 
1831 372 8391 8972 4774 2759 5731 9414 8655 324 4718 559 1081 2447 2310 1959 2386 998 3118 2022 
9706 4402 4041 6706 3697 5535 4501 4006 176 6486 5040 3633 7310 4849 8009 4667 201 4441 8721 2676 
1083 9865 2345 404 3161 4032 99 3531 6053 7815 7360 9682 1855 2418 4411 3947 312 2187 5203 4502 
3247 9434 2555 261 4090 5987 9091 6174 8498 4221 2594 7077 2834 8082 8717 1037 5145 3132 1333 1258 
3868 1289 5212 7589 1482 3476 4325 9295 5908 7148 647 5912 7540 6219 4460 2198 139 4117 1591 8052 
2354 5516 1892 1062 4211 8310 7870 3699 5694 319 985 7215 9657 1322 9443 5645 3070 7432 6142 8871 
169 1458 7432 9006 6998 441 4597 8632 2432 5318 7440 9121 6540 2001 3371 6064 9861 8752 6624 3131 
7052 9257 2331 2128 3675 8351 5416 1067 2168 4202 9923 8387 9328 2979 6987 1438 6042 674 6851 3311 
3997 5130 5165 4406 1003 3073 3194 4796 5193 4843 2469 9705 4597 1301 1474 6533 7389 6864 3001 6868 
3989 3101 9264 3372 5727 9404 4663 8780 1268 167 1805 3759 1429 3043 6060 2811 830 7567 8871 9876 
758 3894 4196 2438 7801 2271 3242 4071 9090 9990 5770 9953 4759 2194 7313 2417 3246 5750 2422 9662 
5009 2540 4497 6154 16 369 8136 3433 5968 7202 7480 9099 811 5585 9539 4091 8440 2508 8209 4280 
17 3635 9018 6695 5947 1963 1752 1723 8075 2578 4931 3199 3002 5042 6087 3602 6813 546 1013 1570 
2515 58 1026 753 6546 6598 6539 8034 6474 5932 7482 9724 6181 8765 1941 4568 3285 3765 5392 2857 
7399 6436 1941 2768 3412 5343 176 2215 1172 2607 5216 5079 831 8467 5708 9903 9364 4563 6717 8959 
6375 9880 2095 6537 9719 920 6066 6646 7393 8443 7599 8137 3197 3175 8094 3193 1177 4502 8697 862 
7913 5145 9814 5913 7217 3812 4400 5888 216 384 4213 6544 4673 6347 816 4952 201 4548 7640 3763 
4344 8504 1827 1240 7248 18 6251 3822 5419 9659 996 5734 3711 6954 6682 2551 602 9923 2997 754 
3047 6873 8226 4914 6177 515 4477 4085 8154 117 4298 1717 3133 6165 3416 2420 8167 4657 2619 735 
9032 764 6519 4764 4910 4476 1548 3324 8526 3788 6540 4164 5046 2143 2610 2492 6214 6315 8838 263 
3106 678 5326 7590 4875 2102 2198 6417 5753 8638 1858 8622 9673 4582 4313 3970 4557 2579 1810 7053 
592 4124 273 4282 2300 8552 6864 1235 5104 8080 7836 6976 7179 2795 393 827 4275 1867 9711 88 
8619 6963 3878 5618 8051 8811 4665 5291 437 4986 8787 5861 530 8580 7550 2643 6493 4162 4724 2737 
948 2382 9952 1165 2690 162 8625 6868 9772 4705 2300 6701 7080 8716 2248 6989 4436 8604 9310 5548 
5884 599 8952 9202 9019 6076 1590 8139 742 6983 8196 630 2066 7207 4926 5361 2587 5395 8357 6206 
3490 2623 4065 9209 7178 2809 7686 8728 7233 4870 5153 2049 8028 2864 1146 3808 9237 2159 4833 6366 
1868 2297 8587 2272 7629 9248 2601 7963 3479 186 1411 4344 4915 6340 510 7922 9576 6994 2551 9682 
210 7372 7790 6203 337 7810 9711 8194 6938 4221 5113 3292 4230 2394 2373 1206 2896 8569 5626 3444 
597 6367 4389 6574 9184 6281 3859 9812 6657 2116 4140 591 7484 7471 7191 5005 3335 6103 1535 5303 
3596 8374 7527 7106 5143 3792 6256 7415 9891 1701 2127 2531 6174 690 6702 3185 1818 9391 6201 1630 
9424 5145 5902 2441 6410 6489 8942 9969 6285 8192 1688 9181 8056 3769 9668 2376 9042 804 1952 1655 
9113 19 3560 7779 4227 4094 1896 4648 4880 6370 783 754 7498 7055 1899 7243 470 2906 7844 7606 
1738 5461 4570 883 9237 5090 405 4669 3253 9401 4450 1957 7133 7521 6220 1484 9962 3868 4613 1672 
8674 1404 2173 5192 684 8324 742 3040 6325 7327 8404 2071 7171 3140 9055 5332 1006 1487 1660 172 
8051 4238 383 716 8142 9911 5530 6354 6009 5394 9826 6126 6598 350 6950 8281 5745 4070 704 1713 
1029 6334 2846 1992 7501 8881 288 4165 5640 4367 7629 4716 2019 6564 6556 1899 2225 5755 6248 7867 
3371 8551 7897 1539 1400 7906 6627 4430 4963 8491 7538 39 3234 5394 1264 274 7051 701 8650 1275 
866 3533 7985 7866 6526 1898 6442 85 9974 8432 341 9530 932 2489 19 9669 9042 8420 4349 8992 
6841 3443 5748 6143 3028 5277 9536 6700 2255 7640 1946 4051 2412 8527 4891 1998 5031 204 1638 4279 
9375 6075 5390 9735 7001 7046 7783 9602 5842 2033 8273 5563 1157 1526 912 9046 7744 6753 9054 4753 
6965 911 2896 6029 9088 4040 523 264 569 180 2184 9699 3640 2685 5208 4440 5271 1866 1267 1560 
5658 8647 745 8931 6519 3602 1715 6461 5876 2286 1038 603 5613 3218 1823 9025 6730 8685 6905 8461 
1346 4173 6993 8459 4605 6746 620 3493 6071 9781 9670 704 5557 28 8904 5949 1515 6636 3404 3808 
7419 2028 4579 8000 4959 9509 7719 2815 9679 4071 148 6294 6100 183 2572 7231 254 9908 9901 9878 
3566 868 3630 8268 345 6958 6126 7011 274 961 4297 5799 1593 2831 9158 8002 5100 8842 2241 4068 
6864 8944 6068 3673 8593 9968 8930 8596 5521 5747 3368 4261 8440 9408 5571 3691 5184 2458 3484 7784 
5706 2106 1659 4712 9978 4595 6230 5203 2500 2078 2755 6511 4443 2797 8394 5131 9195 6029 710 3818 
9410 5820 7773 4725 3717 7002 5500 4840 8749 6037 7768 7933 6588 8806 2629 3295 7200 2489 1793 3439 
9519 4996 4172 5840 1060 6408 1844 9398 7824 4199 7647 751 9480 4719 1063 3092 2150 6319 4497 1871 
7029 9721 438 9879 1921 8614 4897 8258 4830 1825 9654 6833 3717 494 3393 158 656 8025 3563 8520 
4669 7728 3577 3083 2745 3545 6900 8936 5459 9428 9216 1159 1816 1362 376 3072 5315 8976 930 4843 
2131 6183 1554 4594 558 3586 2859 8525 5339 2381 1750 8959 6002 4122 8333 2217 602 1317 1226 2212 
6842 5741 4810 9452 1541 2762 3989 1509 9872 2325 1247 9045 7113 7377 4804 5565 1999 5356 2301 6373 
4327 5276 23 8315 8164 6966 3151 7972 8638 7439 4729 2766 5399 4136 2210 5351 1790 8374 3387 4486 
598 6225 5777 3502 1822 4646 4014 2065 925 8720 5401 1118 5574 5161 9713 6964 2897 9216 3369 7260 
5232 8059 1456 7209 8907 1209 5256 5267 4995 1226 9495 1320 9872 6083 6079 1858 9403 6224 6858 4299 
1537 3082 2719 2618 5355 1859 3653 4562 5860 7822 8339 9869 4210 8770 45 2817 250 7805 3321 5724 
2340 7066 2716 89 7001 2724 9653 9679 7364 1277 349 1112 5068 23 9719 4596 1595 924 2308 807 
287 4068 7535 5456 6794 3731 5957 797 4943 6620 4558 8775 4025 5398 1542 3855 2913 6046 8177 7514 
7119 7953 4462 1230 3065 3065 1876 3945 8481 8073 1421 4821 8631 96 7781 5952 7200 7192 1499 1256 
8701 5856 120 7771 5031 4026 3652 3523 288 2547 2268 5054 3418 672 3730 4978 1218 3456 6770 9755 
9378 6338 458 4671 650 2298 2901 6985 3074 9365 7630 6882 1533 6926 3624 3681 6434 1002 8301 3514 
8024 8020 1430 3696 4377 8411 5107 6500 9231 3156 9053 8015 8028 9934 2583 5223 5253 5639 3200 4182 
1271 9620 1718 4190 5215 7754 7646 9721 559 163 4269 2286 6662 1205 8539 4653 2870 1829 9576 7641 
4801 7241 8864 6369 2412 3089 8230 48 2997 6159 4480 7721 4683 696 8697 5411 9144 5552 3939 9468 
8977 7267 3296 3459 7851 8155 1096 331 2275 5910 2990 9719 6282 6338 6295 1522 1522 2667 4509 5530 
7615 7298 3738 7178 8725 681 1731 8709 3970 2805 2189 3693 9304 3453 917 3581 5905 8700 8475 2052 
2533 368 3605 7071 2372 3508 193 3428 5228 3567 3244 4283 7718 9975 356 2151 1518 9296 5370 4783 
1572 1006 1263 3017 798 3494 8376 8594 6855 9229 533 5382 704 2197 1775 8801 7998 2590 8169 6265 
5246 2040 9197 5928 3624 1376 8467 4320 6993 3657 1243 6664 9099 8436 6788 5581 9144 3768 8643 1512 
4913 1251 7179 5436 5299 4879 6689 7162 447 9655 2314 5874 4966 2146 3827 9422 2190 5450 6941 3762 
3066 6221 4550 9082 4133 133 5120 2885 7693 914 5972 7409 4596 3100 956 8425 1308 7989 9653 9183 
7524 5561 4468 1123 4237 4879 8732 9118 6982 3399 6916 9988 1903 5968 8266 1950 7974 2574 7119 7851 
3034 2694 489 8769 306 3247 5781 822 1008 3120 1997 5534 681 5022 1286 5464 1585 9156 8417 433 
4104 9040 1905 3371 3168 985 7913 6500 2105 7315 9236 7675 4677 711 6208 1091 6091 6607 2698 5563 
5251 3263 1538 3449 455 113 3955 255 8006 8295 5307 2898 6603 4741 4250 3228 3818 285 4322 1697 
3677 9163 2949 7738 2653 6540 7900 1233 4316 2365 4212 3652 6988 9852 484 5957 2591 9316 4972 2013 
8397 799 1748 4613 6415 5548 949 9508 2551 3482 3522 9279 4839 2934 2300 8762 1871 9729 9174 5127 
4849 98 5163 4419 7941 8862 2625 8185 5037 9976 3498 1414 5062 3697 1585 3852 5292 8648 6553 6418 
7272 1929 5043 536 2560 817 956 576 2328 8555 5232 7610 2346 2087 7768 7043 7059 432 7618 1851 
1264 9344 7642 3823 2071 6234 6722 8101 5661 9155 2315 8187 4933 8906 9157 2486 5662 4512 9161 402 
6628 5085 9965 588 9796 5029 434 3412 1276 2573 8 5117 1092 7175 3312 6377 9020 8036 6548 4879 
1791 2135 781 1095 1827 5299 8572 239 8363 8044 9270 2439 2098 7089 7006 5663 5159 8330 6566 5078 
1417 3894 6983 6386 7281 4510 721 8778 8873 9732 4217 1360 7142 4009 624 9861 6144 5473 9608 1371 
1380 824 8688 792 3816 4355 6552 4625 4880 4603 1936 504 3274 2355 5448 6563 995 4091 4270 5463 
9501 5774 3035 4299 1093 2011 4594 9221 157 3239 3655 194 7346 1005 3650 9945 9948 2326 5786 5890 
6133 8697 915 8324 6348 8961 4700 2316 3973 6136 1156 2519 4015 8080 8461 1263 5815 7372 4030 3947 
3372 7284 6902 6991 6050 6010 5646 9860 3117 5413 1350 4707 5942 6222 9377 3449 1534 9143 5335 4114 
4598 5256 8806 5621 1456 6641 5998 3822 8712 4249 2499 2643 8928 8529 7753 1116 1447 7408 9728 9467 
4540 3193 9819 3427 4580 2282 1506 9687 3408 3008 347 8735 5514 4618 514 3206 6013 5123 8395 5403 
9586 8858 765 8122 1370 4434 8389 157 6962 9293 349 4806 3816 1936 7477 8410 2818 7749 5745 5428 
1037 4556 7301 7048 2128 5397 6284 3620 5796 8639 2660 1069 7756 7687 8172 7780 5830 2703 3044 6892 
7182 8180 3598 6686 5319 6220 6199 710 4383 3231 7001 6606 5127 1257 5534 2273 5191 2849 7138 8345 
3504 7969 6222 6318 1849 569 7044 8068 7665 4481 730 2001 4453 6304 3727 5880 1051 8675 4455 5104 
7907 5995 3216 8114 4063 7439 4802 3792 2008 5147 2198 3339 3435 7782 6618 7907 1945 9723 8775 727 
1053 8498 3677 4221 2453 8155 7395 1945 106 6306 5573 5812 741 4178 2324 4877 4205 9991 3415 3925 
2569 2460 3877 7764 1631 3396 6685 5311 5383 1117 5812 8951 4415 9647 118 1059 9412 4396 5438 1580 
6826 6850 5622 1407 1185 3831 691 7094 6894 3134 3049 3177 2389 8134 2097 9906 6096 4354 9340 4177 
1253 6080 7265 8014 352 6618 2636 7721 4991 6560 5801 893 8951 711 8065 6035 4415 6096 1259 6811 
2768 3032 650 7991 8266 595 2711 6128 1538 3403 1997 1766 9979 6100 4819 6558 4391 6921 2897 770 
6877 7853 3067 7867 517 6870 1565 9572 8873 6369 418 5645 6193 1242 2748 4132 1751 1764 7829 4141 
9507 9748 6959 4479 3596 349 6055 2348 7556 3511 7167 98 8330 3823 1156 1006 819 1565 6685 9414 
1143 562 518 7694 9509 3398 6723 4517 974 1439 9129 5614 4520 4888 3649 3142 2337 8370 7692 6204 
5584 846 2656 7337 2745 6708 4648 7011 532 1339 3008 8251 2987 8693 4480 7257 5643 6755 5019 1003 
131 1686 1858 5744 8658 5067 235 8630 2970 8419 2982 2626 4581 4491 3542 1114 9738 1641 2345 2341 
1676 1205 1756 7256 8671 3797 705 5004 2191 3605 8880 3720 8071 2908 8287 4615 6952 3919 9567 2407 
3146 8759 7922 9624 7943 8655 5450 5394 5343 4150 1623 8137 4310 1265 6879 4054 4134 6697 7638 5296 
6023 8017 9734 5824 369 430 5921 8393 3353 1460 3773 7088 9511 9928 6550 1944 3952 2896 4188 848 
2965 4383 1888 5560 5947 5176 4103 8482 3556 8368 1648 1963 7932 4646 2982 7907 4900 1402 1443 1623 
1198 9730 4363 5534 1158 4938 2645 1290 1821 708 4954 2418 37 6589 641 7453 7181 9877 3911 7525 
7513 9148 612 5444 8895 692 6349 4125 9399 5116 3637 5271 160 1988 6732 5620 1692 1558 5959 4500 
2146 1051 6164 4006 9294 6756 4718 7327 2281 3177 5878 3383 4271 353 5342 9809 2377 2665 160 1166 
5374 9558 2473 8769 7396 5516 689 2618 8505 9168 4573 1008 3112 1336 3331 2515 8720 9409 8107 3580 
3728 3130 1552 4504 5817 1571 9415 9200 915 8827 5536 150 7179 323 6454 5454 467 4506 9554 8562 
9997 6110 1354 4093 4517 6550 7586 4570 2666 434 6629 753 5844 4092 8125 3706 1549 1493 6261 5488 
2068 2969 2577 1428 3885 5552 5992 4316 5958 2696 3839 484 2687 5151 2104 7183 9315 6539 6764 8647 
2663 2018 7874 5038 8673 5063 8575 3555 2909 6687 9575 8681 918 7527 6239 5761 4062 5408 7833 1578 
8255 841 7385 3718 7576 193 3441 5340 5856 9002 3914 6644 7464 7167 4663 2680 8482 856 4448 8897 
6251 7275 8724 6262 4336 4568 1848 7219 5511 5023 338 9867 4477 3094 6827 6995 4021 7406 3426 9805 
7814 9706 868 8165 4290 8723 6445 5374 1302 4700 4769 6843 3899 2293 2889 3506 6084 7661 4287 5500 
3233 945 8123 4989 2375 7036 515 1637 6095 4063 4668 5070 9623 4584 2911 527 2806 1567 3034 2487 
8367 8614 7638 6909 8957 5263 3463 3058 4153 8282 5425 4062 1398 7618 6457 2937 9006 2553 9905 4288 
1008 2129 3750 8368 2621 7624 2894 7456 3430 6384 3048 5048 3869 2909 3340 4232 6112 3421 3479 3672 
2103 8712 8491 5016 864 767 3555 2119 6403 986 594 7896 4754 3411 8846 3235 3434 2077 6386 895 
9858 4893 3598 5574 3306 2501 6058 3805 2345 6538 4581 5753 5732 629 2381 3711 8156 5502 9224 1660 
2639 9340 8333 327 7468 5479 1399 4736 2501 4011 5188 4054 2692 6118 6911 8916 2027 2894 8551 713 
5407 5452 6254 758 1209 6551 2871 9586 2375 6945 3697 9850 7779 3973 2686 2657 3486 5824 9784 2393 
3681 1485 4431 7911 4441 7030 728 7697 1203 7105 148 416 3155 9384 2983 7784 4195 8819 2479 7650 
9739 6080 9938 6415 4657 9195 848 8376 2490 8307 4794 5398 7937 5847 4914 8291 7917 325 5226 6146 
2266 13 4789 1882 85 6950 576 3689 3146 5381 2873 3892 1924 7740 5231 268 4285 9032 2765 7511 
3836 1085 5319 4508 1334 1223 2965 6791 3919 7670 4379 4342 2951 7684 3286 2174 7311 6874 8095 9559 
62 1214 9465 3726 8119 1401 198 2984 9105 558 3977 9758 7302 5969 6 9521 3172 960 3286 4072 
4145 3364 6432 1696 1139 191 8495 3355 6952 8553 9592 3002 9699 1827 2528 9357 1643 2124 9142 3711 
3567 3483 4869 9946 6074 2483 7717 9250 7603 8094 1138 9162 8605 2662 2076 7986 3946 1114 3093 4938 
528 7685 3085 3437 3156 7889 7251 4859 9164 5911 9340 5092 3204 8048 1988 988 6990 4487 2076 2469 
8603 5628 3190 9735 1908 6679 3742 4815 9562 4878 5177 2473 9087 4011 4045 4774 9638 577 4229 8575 
6737 8742 5632 2049 7901 9056 6153 3993 3557 4665 5633 484 5068 913 6137 1612 7656 9144 895 8632 
1033 5972 7672 4544 6851 8539 8894 5606 6720 6048 9706 3163 7912 9770 6946 1368 2190 8963 859 5630 
5794 9760 861 2554 602 9414 2586 3218 1908 7870 8930 3258 4557 1925 428 97 5641 2620 213 853 
1276 869 3461 2065 8180 1613 2096 3356 9180 71 9672 8148 2263 2047 5076 6935 7939 2547 2910 2927 
9144 3274 1479 8798 1229 9303 5323 5238 9526 8287 4801 4798 8751 5063 570 6919 2505 8417 3393 828 
3185 134 3984 5424 7609 716 7657 1401 8594 6148 2397 7608 2264 7264 6659 2512 17 9096 1403 7368 
9706 8944 4552 4520 963 7543 7008 7970 6651 3600 5832 9515 7268 4710 9106 3266 4893 1394 8327 9359 
6082 7562 6668 8998 3099 9362 7893 1162 7541 6949 2593 1636 3789 2845 2393 7901 2725 40 1455 7124 
713 7396 597 5231 9503 9948 5213 8789 696 3284 8615 5535 9615 1370 516 1764 1932 8543 1323 2526 
6055 5063 2544 5954 6059 6502 3142 8702 8065 2254 5614 1366 4249 8262 9721 6273 7281 7151 2705 1737 
1792 3489 1689 6558 4553 457 3156 4164 1009 6195 2713 8944 21 2752 8864 9880 4171 4504 9351 3891 
3459 72 2816 722 1887 274 8442 9499 4519 7995 4418 3011 6685 9149 1642 1485 4998 7222 1346 6570 
6266 709 4004 3325 9810 1818 6653 8342 4552 5744 5625 3466 4292 6932 2002 5172 1837 1629 6727 3612 
6129 5529 219 1332 1719 4963 4691 8525 5055 2876 5820 6278 983 3170 3970 2287 687 566 942 7395 
2554 7166 4647 5162 1746 2295 5041 5830 2102 6993 1845 159 1663 4489 3677 8166 1848 5377 4177 7646 
2704 5653 3152 465 7470 6027 7112 2505 419 8612 5472 4771 443 6283 6424 6975 4592 5832 2058 5224 
5784 387 4291 4604 3310 9271 6783 1793 5866 5936 8231 682 450 8325 3933 4194 9901 6142 6298 9931 
3793 9882 4508 325 586 964 2293 4333 3808 4965 8309 2576 1436 2849 5108 588 3120 8728 9324 7511 
876 2076 9943 631 6691 5942 304 219 3807 7678 3635 131 1287 3588 7698 767 8015 7298 8783 7610 
3038 1393 7246 6719 7031 7530 5398 6057 3617 8849 8908 7014 2726 30 4593 8494 9728 2152 2969 3830 
4964 4173 9319 7176 9712 3973 2624 4384 6520 1931 7608 107 5971 6051 7088 4739 4683 9660 1683 5519 
4544 5003 4379 2502 3926 3954 1845 8299 7442 3511 882 8307 5869 9597 4634 3035 2790 5766 1922 3909 
8505 6578 2645 8765 1697 9356 9565 9975 860 6869 9829 3840 1236 6908 2180 8356 5953 8964 9053 2380 
6231 6328 8418 3932 6236 3572 4983 8115 1782 5678 2286 4844 5902 1751 8663 3602 2678 1681 585 5697 
6305 9618 9441 1702 1639 9073 2736 3189 9304 6809 3384 5718 9480 8606 5136 8488 4448 7092 3184 7235 
6000 8056 7051 9400 6515 6961 4680 5748 894 6348 5046 379 3011 3432 7563 8050 8775 2049 6001 3207 
2411 5762 2962 1021 5274 4141 4842 7810 9477 6874 6650 5685 2560 3354 2646 8101 6698 5805 2197 6959 
4862 4429 7110 9653 1085 1496 9501 7696 5943 5029 7548 548 1972 1284 7623 6981 7495 1803 8549 7651 
4927 3044 5327 7375 8519 9610 134 9911 4847 422 6347 7269 4006 2881 7142 7742 4751 4377 382 7384 
3485 2382 4745 8990 9553 5410 5468 353 9542 6993 3121 509 272 2360 9997 9123 6184 7265 7140 6512 
7859 8008 832 1584 2363 9039 8539 7147 2563 7800 9011 8420 9742 8766 2875 1905 787 3887 594 8730 
8365 9077 8406 9635 1049 9514 9986 1125 2066 2211 9309 6994 7690 2893 7013 7528 7269 2661 5725 2896 
1589 2527 1956 2396 3965 9416 2924 5300 1495 3952 8809 102 2356 6724 4431 6676 7131 6318 487 8476 
8863 6347 5869 1239 9595 4532 2534 4767 2034 7402 6318 8089 7754 8806 8231 7905 3286 9800 3349 4375 
3249 882 8668 1088 4041 2398 7813 5184 8209 9069 1761 8281 7116 3300 1480 9571 900 464 7744 2872 
8178 6547 7499 1713 9467 6556 4502 7126 2751 9738 7642 8168 7178 3651 9699 1965 1234 2283 5102 8267 
3485 605 5161 731 4597 2570 9812 3957 3858 4965 7213 4014 1397 5473 3329 8011 5597 5610 9452 6596 
9141 5295 5972 8873 8307 6277 5980 1023 2731 543 8823 4588 9268 9399 511 5266 7535 1710 2804 7007 
8287 8810 974 1078 8599 8194 358 5374 7941 7206 8384 614 7583 7678 8137 4782 8328 8393 1638 6132 
1214 5272 1016 6560 5062 577 2385 8825 6011 2665 9467 244 7764 7069 8279 3224 2899 9507 5344 1874 
699 8620 4242 1967 3793 6954 3627 9224 3050 1171 2501 8418 5299 3659 2654 8955 2925 9986 362 189 
4186 9050 9061 1894 5920 8469 1290 9890 2516 2513 1860 204 6337 4890 9180 9445 7351 8964 7 1728 
4644 5303 5236 8006 6318 1376 6460 703 1255 810 82 6571 1564 6599 1131 534 9398 8910 7153 1774 
7651 4741 4630 6487 594 5382 977 3266 7038 5057 2729 5449 5121 1469 1534 2265 4877 374 1560 8865 
8785 6056 2085 981 6496 3760 9787 6928 553 9484 9939 1960 6211 2628 9729 0 9707 2560 1907 5871 
3712 8826 731 7284 4374 579 3913 1498 7090 5703 1090 227 4539 4109 2778 4875 3574 5914 3666 5781 
394 9253 229 7649 1925 957 943 4909 718 3685 8424 9841 4156 3548 6708 9511 9940 805 4525 6959 
7737 6931 1556 4287 4948 7934 8031 4572 3151 6871 9818 2679 4744 3742 6363 5261 6519 4283 8086 8742 
2577 1974 9963 4405 7159 4641 5797 5264 8434 9694 1393 8665 4236 6585 3262 3488 5405 4493 40 7736 
8180 2472 416 4456 1053 6824 4281 5299 5879 483 9523 1676 9808 4955 5995 934 7887 3408 6651 4591 
885 4859 8132 4998 8111 1370 3658 1269 1994 9523 6085 7762 1605 8846 6578 2253 925 1557 3745 6482 
8733 1293 9176 653 6198 7853 9265 6747 4141 6471 5772 4629 9960 6484 4486 7536 2516 175 2852 2631 
1424 6436 8910 1714 9735 2630 247 4162 3239 623 5520 5445 9199 6209 8953 7817 2465 4177 7725 4737 
796 6037 6950 8097 6517 9648 9936 8313 8043 1328 8816 3973 6363 8256 4499 3275 5096 3441 7539 9632 
6898 1144 7360 5554 2463 7394 1850 8026 3544 3963 8691 4726 1534 2098 3437 6195 4978 6767 7538 9834 
1740 1861 6598 6371 6389 1181 1026 8117 7281 8257 7612 9453 4073 7036 5396 4421 8351 9908 3100 5821 
9460 8300 5407 8871 3227 709 4951 8324 3879 8079 2943 7082 4883 8644 3084 7518 7531 9518 6630 5655 
4335 3058 411 9622 2085 9038 6243 7774 3550 7815 9033 5942 968 2513 6049 9631 6865 3177 6554 4577 
728 9806 360 4553 4468 7428 1201 7635 7145 2757 2965 5055 7200 5899 267 8103 1960 2916 7971 3440 
1026 1851 9143 1706 8515 1912 9554 4947 3580 1278 1915 530 3699 7498 2159 3049 7162 6725 9209 498 
2611 6362 3570 6068 2465 8532 157 7234 105 3741 7637 6184 2581 2420 9293 5216 1737 52 2020 5948 
2349 9112 6908 5271 4599 7074 690 284 2660 6679 6083 4054 366 3230 5052 5230 2727 6391 9362 5783 
4492 6294 7286 6958 5282 3390 8928 7402 6281 8199 3241 562 520 4269 8453 5158 8081 421 8397 592 
9368 955 1904 6845 4319 6184 1816 2179 5064 1201 9473 5611 2320 4107 2507 8852 1542 2979 3896 459 
4403 8181 9837 83 3835 5214 4742 1323 8001 5786 2399 6839 1434 5027 6405 3314 8114 892 3677 2987 
9901 2898 9948 8460 4293 8394 3909 5861 1741 3392 764 3039 1912 1432 2705 59 3084 1796 5207 4691 
3060 9343 9663 2439 4019 1811 6652 6911 6667 6524 5046 6810 7366 8151 3087 8466 1263 5585 4470 5374 
2321 3530 7934 7225 2889 6102 9865 9137 5078 8521 8421 6968 1344 2833 5789 2769 5193 2140 6547 3545 
2141 7672 7801 7971 1480 1856 625 1276 3824 7739 4299 3523 6534 8639 6504 2347 8514 4231 4050 5810 
7468 4574 4150 6031 1042 938 2512 7061 4474 3490 7349 6690 482 3005 7741 3787 2045 3846 2501 9836 
757 3514 6340 8853 7568 6032 7916 95 391 2972 9905 1451 8429 1652 9591 2163 37 4413 9487 3324 
8415 9939 9965 5342 5351 5660 2279 3191 8031 7730 6894 8608 536 7722 711 302 4429 5590 2280 278 
774 1409 2737 2473 3692 1333 1934 6606 5240 1934 8088 8104 7120 518 1856 6049 4073 8379 4345 2057 
880 4904 9096 3027 7640 483 3572 3643 7984 4299 6396 4484 2474 2335 4265 2570 8563 8072 7458 9683 
6925 3373 2067 3487 5521 3483 733 3589 9849 1475 5477 5634 4866 8332 1117 5512 7517 6933 2538 5100 
9893 247 6996 8597 3981 2368 3132 9443 7988 6548 9163 2292 1348 8287 206 9988 6548 9271 5058 7280 
8918 9758 7596 118 4839 9614 8222 7315 1046 1006 6412 4862 3598 662 4307 7182 4731 2521 7633 7505 
6752 1465 5510 7248 6542 3313 609 110 7081 912 2144 8328 2572 2481 3153 7595 1800 5555 5028 4920 
6180 4656 7747 395 5179 432 4632 5272 4315 142 5738 662 7574 4875 1434 4891 5838 2955 9174 8779 
5090 6935 7103 6034 3547 9149 2874 8875 813 3906 7561 8498 7972 7506 3810 8396 4589 1114 9132 4516 
3833 6379 9252 506 8404 8536 149 3444 8220 3183 4217 2084 4991 2463 820 4111 9867 5084 9710 8334 
8750 6598 350 1921 1806 4495 7207 2826 7302 5129 4942 153 5512 2581 1655 5953 3253 8345 6718 3589 
328 5216 2998 1160 2821 456 4608 3473 9611 7408 1113 3481 3523 4072 1507 9620 411 2944 2535 4448 
7762 5850 3275 118 3787 1299 6180 8478 2967 7657 8769 6642 6687 3362 8763 9146 3285 8794 1365 3398 
1098 2229 4745 5524 2020 4205 7522 8282 3565 2789 2584 8293 2628 8989 1988 7465 9635 6884 6812 31 
4520 6253 4628 4823 7740 9318 523 7395 7108 8671 7620 3230 2622 5271 2906 407 2807 5712 3122 2799 
9441 3558 6879 3153 2686 9265 2009 3322 9446 798 5406 2150 9704 7269 9032 8689 6993 2654 2081 7177 
3343 7297 952 9709 312 5193 9539 7672 352 9569 1819 1952 9787 636 6340 2106 3951 4712 6680 66 
2131 6510 2114 1083 7260 851 2319 7841 1113 8010 6469 4074 1650 2021 9310 3714 5788 6333 6378 7053 
5857 3324 4924 9557 8890 6373 6229 5936 9728 2317 9844 7829 2993 4660 8428 2588 6631 5131 373 3285 
6812 7652 6182 8691 8644 7951 5919 6587 6878 455 583 6354 8199 5216 1890 7450 8723 3398 9902 8723 
9001 606 7686 7177 3793 3048 2749 6502 3894 9969 6405 5248 8896 5784 6286 1496 89 1185 7108 5841 
9814 6424 4160 8228 6939 2208 1082 12 7240 3627 5155 308 8986 7831 7655 6208 3475 1536 5506 4139 
3244 5428 8986 8495 5738 9851 6211 7653 6434 8115 3723 1005 7322 5245 1205 8566 4192 3285 1434 4354 
660 8685 4639 5549 6285 4550 8984 5941 3915 7179 8836 7417 148 4884 3932 1327 6508 4174 1686 776 
6364 5078 3691 1476 2342 8175 3092 4143 1198 359 314 4215 5495 2545 8466 6091 133 4246 7857 6247 
746 1535 5017 6410 8817 3976 4442 7721 7065 8316 4073 8676 5465 2131 5312 2304 9091 9265 7512 9641 
3900 6012 4995 4160 8243 1000 3952 208 1155 402 711 5075 5435 4857 239 379 2787 6327 6520 8619 
4499 4343 2 463 2147 6691 9033 8490 3585 8094 9517 6469 7066 9953 6746 1306 3668 6777 9636 3717 
2302 9552 3145 337 3060 3181 3937 1484 748 2277 4023 4500 7797 4221 5648 4989 4063 1511 8679 4350 
6679 3260 6278 8631 447 4146 9370 5135 5128 3246 2115 2795 8590 7111 1132 9430 7990 7679 8881 8873 
3457 7393 6782 7327 377 8441 1477 5928 4657 5985 6878 6513 7417 8953 5156 9976 9584 9128 6312 3685 
1524 8208 1795 4540 7276 6264 9440 9376 744 9307 6312 7546 6915 7304 4480 3858 9403 2989 4059 7546 
8402 5306 298 8405 6394 8195 1253 483 9411 1085 3646 4645 9853 7714 986 4746 8997 938 226 9220 
9933 2302 3765 8129 8163 9917 9121 6492 748 3013 8023 5876 487 9774 8592 2381 287 2935 1596 5375 
1255 1660 566 8919 4514 8914 6174 2645 6743 8671 7763 8686 7310 6457 1321 406 3991 3121 6022 1630 
4656 8598 7054 5777 8697 9934 9576 8009 2145 1875 5105 3218 12 8588 2549 144 304 4542 3200 6553 
3483 3923 4323 3739 6199 8440 4848 4803 2303 7922 8170 2555 2344 3290 5746 6115 3838 830 587 7405 
6034 1627 5195 2181 4986 6514 7365 4398 2994 9821 7906 7989 2785 4563 6717 9682 2348 9868 1917 158 
5068 4627 132 3019 6012 7689 6732 6693 5351 1604 6581 3086 2496 8300 6464 7911 7956 3887 6498 2846 
5050 8495 6359 9255 1738 7518 2983 9510 8601 1743 2425 5337 7186 9697 1142 2727 5546 6175 985 617 
7438 5057 7941 8496 6112 1665 817 3737 3548 6776 6217 6448 461 8848 105 4059 5507 2088 2097 2756 
4264 6514 5783 9777 801 2091 3056 1114 506 7923 6168 3410 4132 3634 4403 3354 6115 5367 4546 1154 
5293 8638 9949 458 5997 7254 7018 8402 1626 3709 282 1546 3252 8965 3425 4098 6285 4365 1000 2093 
4924 4058 6748 4 5735 8751 964 2223 1264 3837 1500 455 791 9438 7211 1915 7748 2855 9220 630 
8479 576 5302 2174 675 5134 5262 1127 5081 2102 215 4751 3666 4702 6734 2585 3690 788 7342 2321 
9369 9518 2424 9065 8916 9257 9360 3095 840 5845 3797 4751 5648 5001 8155 5336 8185 3378 4451 8176 
6866 5607 1570 6835 8475 6208 7963 9667 5291 2651 4150 3279 3553 6346 1514 903 5514 9218 4053 3533 
2445 7733 7265 1378 2842 1085 5690 7148 3172 1060 8226 9445 4989 5869 6296 7645 4551 1469 6477 5353 
3143 228 2806 6831 7296 2717 175 4276 3468 8799 3067 2060 7415 247 7252 9654 847 1039 2490 8240 
2453 2735 5183 5033 9838 8151 55 5633 5222 353 2337 4058 9836 8101 7198 9438 4681 845 472 712 
9041 5842 6044 4805 1671 2720 9328 8029 8448 8568 9641 8291 9000 7586 7363 8268 7873 7611 9147 4723 
5115 1658 4680 7834 2931 2518 1758 2931 3869 3613 5939 2271 9218 1225 8234 9957 7130 6465 6354 9966 
7794 6708 6817 49 6442 7965 1685 9241 4692 6709 4880 64 6268 8942 8773 2952 6292 9468 8924 692 
2309 7712 8788 3340 4591 8104 6954 4114 1959 1820 1127 2571 2227 8310 6062 6195 3689 4495 6631 9863 
5325 6966 4969 5126 6502 2671 3409 9214 5166 8409 457 7143 4009 9169 674 2588 309 5816 6768 6481 
633 3020 840 4827 7443 3555 1293 9784 6792 7344 8531 8512 1632 8234 8011 5992 6187 9204 4003 1710 
8563 4391 960 194 603 1390 2502 9546 9667 502 750 7187 5581 1346 4050 9180 9729 1818 730 293 
2773 9888 1685 3901 3234 5700 1521 1940 9468 9116 5447 5069 3940 8405 1136 4756 6285 8911 2536 375 
3772 6567 9228 8055 6295 5631 7458 4415 3871 3480 2602 6355 5675 3885 2454 8892 5764 8758 5551 4190 
6266 6778 5459 2254 8446 2022 1481 6374 1304 7216 1153 2446 4304 3177 4346 6660 6532 8048 9075 8488 
3153 8129 9835 4160 7483 7132 5684 5224 7731 1304 7195 8450 9399 6305 563 3867 3007 6666 6075 8131 
4938 5947 9527 7626 4754 4943 1618 4369 154 491 4117 1869 5501 4882 3522 1818 85 1021 573 538 
3500 5597 5578 60 2724 6538 8768 5876 3501 4767 5613 3728 5129 4948 2756 335 5828 7789 3119 4888 
3992 7423 8027 3948 1556 4903 163 6774 2894 7855 9913 2735 7030 8087 6546 3959 7103 2337 8166 3312 
6562 9258 2798 872 2009 6733 3029 1080 4097 6790 4225 880 2265 9099 1448 5480 7825 1908 8960 8960 
9155 8640 6801 1372 6528 7800 5883 2068 6982 5086 6903 6280 4610 7475 7632 4514 5962 3131 7221 3051 
8383 5993 9082 402 2709 9378 8867 1534 2460 2789 82 7756 6125 5896 7805 3174 92 6717 3017 8814 
2004 5985 7084 8004 6924 6524 4167 7419 6880 2220 5002 740 5700 8938 6758 466 6328 3610 9303 9571 
8351 2713 5536 9582 2366 9042 5697 7814 9113 1841 4142 7106 8912 3974 4678 4633 3144 7936 8045 288 
621 1973 721 3160 1544 3568 4256 933 1408 1608 6699 9528 1561 6771 3352 3568 8146 9595 8144 2809 
3183 7055 5194 3899 9864 7883 2082 1139 462 147 8397 2349 2259 8175 8257 7705 3355 4885 5801 5826 
1555 9165 322 3973 1889 9970 1834 557 5306 7356 3397 8024 9311 4885 9085 6784 7261 7485 611 8236 
7709 8904 7884 2439 4119 4468 764 5468 7652 9575 1140 7318 6463 3460 4398 2479 9895 7850 8054 5928 
1950 4262 8089 4102 951 4289 5334 5407 8577 986 8816 5046 6990 7921 3422 6960 5064 2889 1286 3576 
7149 8925 6784 5769 9019 3171 8776 2545 6212 7344 419 2856 6595 9751 3167 5345 5579 2239 8762 5323 
5680 4922 5839 8874 4202 7426 9368 674 2547 829 8098 2957 2942 7322 4011 5330 9674 1036 7914 1466 
693 9478 5328 1017 5898 8676 6005 7377 5556 3932 5935 620 6589 1463 1309 6053 8279 5248 4041 3276 
356 3910 6319 2628 9631 416 8983 4595 8196 6717 1103 6107 6766 6454 4585 2327 2071 1183 4530 3951 
2177 5286 7375 9681 4718 8385 1722 8783 4967 9209 4878 3273 3645 6119 8521 3233 7702 1696 8241 9195 
8817 133 288 5297 7531 8959 3688 3753 4611 5752 6243 3316 2414 4008 6936 1136 3731 1519 5250 7578 
2956 9574 2783 8450 7066 5567 266 3290 579 4869 7138 1556 989 4115 6733 7533 3702 8028 6465 9210 
4236 3973 3048 1828 7253 9326 2708 761 5699 5124 9695 5796 3404 2445 3416 3836 7606 4663 3524 9527 
1483 2422 167 5044 4884 9407 4767 1738 3982 4869 4494 6691 4747 4141 8966 7721 7494 5223 4143 5729 
5080 5813 9798 751 3713 8846 9600 7593 3918 1993 6313 6114 9956 1389 3976 5129 4069 2760 5313 6371 
3340 5685 357 2848 6272 6875 3439 8760 6987 2712 1275 8787 2822 7102 2195 636 4734 1303 6690 8354 
4859 4398 3963 9453 4165 3222 9647 3177 2586 6357 9258 5316 9110 594 4916 3644 6653 1781 2933 2720 
8228 4506 7940 8309 7616 9300 1484 3087 3304 8653 8519 1820 1918 3991 3355 2356 551 2051 7878 8719 
5140 7863 5790 3811 4622 1295 1660 3967 5111 4202 6737 4150 3841 4530 3678 201 4669 3223 6217 2737 
4420 5405 7174 5688 6337 6134 5200 6624 7470 5760 9433 7356 5273 8715 5283 7124 8669 5736 5352 6019 
7492 9056 6723 6491 4674 8119 2288 2240 4123 4143 3162 1659 8950 5930 2643 7558 275 6837 8445 866 
9301 5266 2194 9645 7533 4730 5981 7890 6589 3761 8170 7820 9525 7705 6692 1445 1680 8437 9086 6000 
9780 367 4020 9229 77 1447 9357 9399 1224 6437 3996 4556 2087 8443 2790 1095 1711 5972 9071 1455 
1014 191 2259 6318 638 9753 7310 8135 5722 4198 3161 3170 4504 8862 3942 4777 1505 7974 7504 353 
8889 4949 1317 5776 1041 8317 960 1225 5659 9400 7081 1444 3876 1600 1395 9160 467 9400 7601 7137 
939 7518 267 2230 5563 1303 3193 922 7866 7211 4006 874 3410 7653 9714 4093 6893 3801 3492 58 
5938 9718 6081 7804 8538 1356 3782 4564 3900 2456 2533 1960 8884 9792 6831 5996 175 9076 5268 5063 
5076 110 8332 614 9208 7172 5591 8911 3218 6698 679 3503 6894 1601 5775 8919 2694 937 7630 8102 
1865 4342 8438 3514 2350 8840 7670 4944 5456 8729 7782 5737 3097 2464 7869 2528 6912 7045 8229 7273 
2336 6709 5448 2512 6525 8016 6560 4776 603 1792 8321 2712 2614 6515 3838 3726 8695 7872 8194 5312 
2141 2699 8346 5188 2134 1311 8807 9225 7586 2322 6781 5522 3947 2381 7605 1978 453 4085 6589 35 
9589 4578 7410 4812 2189 3834 1340 469 9813 6464 1700 2591 623 1236 6593 7604 2315 3869 9687 9515 
165 9652 6847 436 8422 9187 7235 734 8751 8108 7835 9110 9271 4242 3921 3806 2431 2522 6670 8502 
2777 6494 4984 9626 4518 1030 3649 962 729 4665 9166 4043 8617 5497 6220 5505 5850 3433 8737 3516 
6427 5452 2067 6688 5129 8467 7305 1227 4388 1923 3770 8267 2707 7955 8891 9563 2578 16 3971 6050 
2118 4259 9195 2106 3902 8851 2582 9570 842 3914 7138 77 6611 869 7469 7858 6021 3722 7347 6349 
882 2564 5373 1826 5292 9678 1528 3708 6380 5223 9836 8645 9751 1764 3111 9088 7396 5004 7812 2727 
464 2228 7999 2224 1994 3715 6532 7102 6243 2126 3454 7657 6526 3143 5578 1874 6183 2289 5211 7822 
2550 2777 4370 7191 9425 657 6296 341 8342 4353 9061 8912 2705 9182 8449 1609 1388 3656 1179 3393 
7336 5307 6024 3931 7300 633 8243 3048 762 4455 7896 4867 6647 7330 675 8336 2754 2252 9534 4811 
7008 226 443 2701 3338 813 9446 4442 6050 7274 7085 3945 1307 2626 6837 9705 6069 3066 1948 4313 
5532 5588 657 7529 6164 7691 7832 5238 5535 3884 6223 1293 3604 6228 7319 2277 9798 8908 8516 6670 
3599 6444 9878 6084 5012 7075 3238 7687 183 2463 1050 951 6727 2074 7719 2638 5519 8375 4678 5751 
6673 4537 6134 3625 7110 9824 7778 3998 8737 1577 5916 8329 6974 5968 7357 7055 3128 6344 3989 2072 
3664 4135 2776 453 2424 2961 6563 4111 531 3788 1728 171 7979 676 1942 7071 7032 1418 1719 6154 
179 7059 6462 6695 8841 8002 5895 5778 963 9453 6978 4108 1565 4635 6477 8118 2828 4865 3561 7722 
3701 9864 3588 7813 8812 9289 4923 4516 6820 3215 5924 7948 3392 3244 2974 600 221 7463 455 814 
9768 6716 1926 4472 3586 7335 318 9744 6422 4291 2997 6574 7345 8254 7471 8234 8894 6729 3881 6742 
6953 7933 6056 3081 3846 537 3954 3572 1505 2326 5560 9317 9701 5488 4576 651 7425 7545 9227 6360 
7003 1392 3016 3355 7288 5931 7715 792 3827 2196 1899 1676 6246 4367 6178 5803 8880 8474 8443 7333 
9231 3633 4762 8765 7829 7706 7475 5654 5554 2676 7261 4350 4154 1853 7029 4172 5681 3148 5234 3356 
6397 2935 5084 5105 1147 5693 4119 1276 8773 4711 5508 3015 8416 9173 6541 9087 8692 3918 5267 7694 
7722 1255 7111 7791 4954 3223 408 4175 8447 8818 6201 5506 8209 3945 8446 3170 5607 5982 2617 2548 
5854 5789 3638 8806 557 3534 1301 5553 4692 9068 2153 2740 8772 9227 7164 2196 7971 4572 939 9932 
4424 364 5152 6131 4911 6480 3196 9159 7135 611 5954 5970 4234 3143 3971 5765 4402 8211 413 9842 
6802 5676 562 6042 7949 1066 428 8948 8917 1586 1012 6620 7838 8013 7997 4636 7516 9364 5596 2773 
2205 2692 6508 3791 748 5388 7694 3407 1111 7212 8855 3624 8594 5451 3229 8902 1964 5830 1431 2018 
7739 8219 6502 7113 5782 230 4481 7430 7022 7249 7529 558 4873 5706 5953 9629 622 1337 7677 4744 
4825 6146 4617 5917 9064 6152 2803 5848 1873 2115 8432 1250 4028 5984 1259 9024 9986 1679 1275 9818 
9875 4219 9367 9314 7507 3355 8683 6751 1213 2066 8851 746 9303 266 8426 5969 3203 9597 6082 4522 
3573 2785 4354 9484 6818 2028 5613 212 394 7716 3365 1375 5204 2175 47 9528 8513 580 716 8783 
104 9916 567 2423 2031 4011 8748 5879 4940 9014 6886 9391 6642 7070 1247 6122 911 297 5726 4307 
4446 2449 8074 1578 4871 5577 3502 8 6269 6519 4681 5029 5960 6417 3793 2827 6816 4537 5068 6489 
5563 6800 2539 3104 9528 923 1508 9561 9456 3928 2666 7303 1976 3155 2104 2275 3635 6622 6483 3739 
6802 1763 8429 6035 1307 5581 8774 2091 3525 6630 7919 5977 6138 677 6633 3475 2405 1941 2693 4528 
165 8890 5572 3076 7151 2053 5885 6688 8044 508 5591 2188 241 4555 3452 6359 1979 1397 2856 6692 
4231 2507 8293 9975 5603 7206 975 9474 9695 8640 2794 6654 6245 7998 7411 1579 6238 391 4857 246 
9495 9501 8566 3768 1126 5512 2497 8646 9649 2625 1497 3004 5400 8521 5444 9613 8144 9752 3070 7000 
8697 1603 3987 5085 5143 5128 1123 7059 880 1170 5739 5152 955 3915 1734 3019 2564 7658 7103 8553 
7482 5443 5990 7618 133 6378 1095 9145 2675 3218 2573 3457 4636 2701 106 8204 678 8216 4645 8154 
3932 6485 71 5108 613 5456 7397 1115 8372 3412 6719 1156 9501 911 6076 1855 1335 8327 7412 7239 
2603 9174 3926 735 9315 63 2527 4010 4655 1558 8969 9538 4635 4573 4166 9718 9873 1205 5406 6735 
809 5370 7537 701 3534 2952 8782 8374 4680 4288 8035 8001 3585 9884 8192 1289 4619 6816 3453 3488 
4792 7051 5604 7193 7971 2915 2008 8195 8231 8561 2179 6651 4976 7930 9819 837 5450 3378 4964 8462 
1522 3877 9346 2835 7406 6978 5146 1805 389 8680 7570 6010 5562 180 7673 6868 8469 8978 8081 9404 
19 5572 876 273 2780 4444 4151 7927 3460 3414 703 693 5295 2160 5543 9391 2915 5980 7534 374 
186 4726 1639 5647 4251 5179 9765 3110 6177 3126 3023 4609 6046 9664 4730 9855 5673 73 7550 4601 
1358 5110 2345 9121 6388 3137 3576 6905 6341 1111 976 6259 4971 1023 3785 7568 2891 8987 6440 3115 
1155 5195 2011 7688 8539 1204 998 9154 953 2267 3367 4874 7714 2277 9229 5890 7115 4718 8347 3997 
5969 9370 1229 2554 3036 9605 618 6725 5030 3552 9920 2585 4803 8261 657 6868 717 6528 140 9309 
3620 3356 2687 8732 5005 1784 4428 4886 6056 1042 9618 2335 4368 102 5603 4470 9358 900 3214 6527 
905 4334 5027 2510 9214 2793 7993 9590 7831 3921 6294 1809 9058 5052 4209 4073 1870 8881 748 1839 
2400 98 3068 8544 2536 1156 993 1116 7763 628 352 8474 7057 5771 3675 8584 1819 7059 5174 9331 
6098 4402 1690 5239 4374 2335 8058 3850 5384 5866 9170 1587 3114 8378 7485 8298 6661 7898 2676 4353 
4164 2210 8394 2140 3938 2356 6621 6264 6976 9389 4900 7285 989 8924 1749 4757 8191 4592 5861 3204 
9036 5247 2772 2724 2327 727 879 7436 255 8047 4439 9779 3054 8779 3966 7263 6726 6630 891 7243 
4105 4041 7222 2055 3601 7638 6446 8625 1310 7910 1448 2769 4597 7312 4561 1086 0 7673 7465 1492 
9513 8590 7944 4760 8400 8276 1744 3089 9 4684 9112 5803 9619 3747 5947 1592 856 3680 9267 3904 
5902 9402 188 7666 3631 6049 7882 7899 2517 794 9571 8037 6365 2898 3692 1486 6970 1722 8117 6778 
4812 2709 6197 1298 8532 5870 990 7304 7404 499 4717 4781 7593 8700 7525 181 5087 1140 877 4512 
4180 4524 2671 5004 7709 55 823 1012 1126 4991 2993 4554 6127 4104 3898 3586 9003 3005 4838 9929 
785 807 3935 7713 4794 3824 3894 4045 7726 5849 4334 3288 6601 7889 5222 1152 5521 8220 7788 6489 
7758 5680 8313 1068 4276 3832 7826 2163 7804 3505 379 3568 5554 7722 895 5386 5467 5544 4823 7267 
9043 9354 5123 3863 2274 146 6427 9437 5621 8394 5283 278 9634 3698 6525 686 5304 1314 4225 1066 
7405 8661 8695 2245 1092 9838 9328 2233 7761 1944 9173 439 6799 6976 3465 4419 4020 9196 9039 2332 
8365 5767 7144 6174 2939 5837 7526 1374 5047 8681 2727 9750 2639 3218 6030 6689 1110 4046 115 6862 
3470 3992 7258 2647 1780 7217 9478 7017 917 3365 832 1633 5390 3456 1128 3257 6340 7880 2530 6772 
8601 9937 1843 6464 5747 5243 3788 8776 3995 5315 6691 9902 4967 1368 5728 9682 992 9794 4842 4586 
8756 4502 2751 5751 6874 8770 9589 9826 8722 8986 1421 7946 378 7732 229 2144 8933 1869 9725 373 
9996 511 3720 2716 2245 3752 5760 8613 495 7588 7721 8721 5700 4972 9231 75 6747 7190 7048 5151 
2020 4454 1635 2982 2286 7902 5435 7054 3398 5735 2 3798 6398 481 9194 3038 759 5086 1598 7384 
7226 3206 2678 6305 2418 2876 7845 6150 7409 880 7805 7824 2776 8779 9097 3723 297 5467 6596 5156 
6059 915 6024 6274 8051 8011 6865 3499 1900 2307 2314 7695 5033 634 2856 3626 4386 7746 3434 8250 
750 4411 8164 966 2467 7090 8101 7322 6675 4366 5077 3684 10 1453 2484 3794 9004 6061 4480 6208 
1070 3388 2741 6928 4325 583 7533 3735 5507 4015 148 37 3964 2644 8239 7052 8294 4503 2716 8990 
7284 3279 1980 8172 9838 1887 2838 8467 5947 1854 7395 3486 6534 4774 845 7083 8931 9926 4254 9697 
5914 7055 695 6649 3409 6665 6653 8517 8951 3889 6438 8941 4400 1960 1995 3108 6536 3857 6452 4609 
9251 3175 5439 7104 1259 4112 6952 8507 6051 8982 9518 8019 9576 4115 7047 1647 5074 2778 1007 5578 
7803 9282 1577 3290 9684 7877 8770 2067 989 6737 6569 7421 4629 4522 4485 9142 4813 2864 7049 9891 
3348 6477 9533 3975 2572 8343 3896 6384 5945 1307 1908 1060 6686 1300 9756 5279 7799 2396 4838 1719 
2044 1255 4491 5092 4246 7854 833 9626 6654 4647 5946 7890 1767 9057 5021 8502 7418 8145 1358 7353 
6782 8241 6622 6800 681 5929 1009 6560 20 8409 2112 5341 3632 1321 7835 9228 5411 9851 3723 2275 
7778 4827 9728 4306 4211 7968 1027 7851 6798 723 9478 818 5466 5743 4407 9866 9571 6165 6034 1971 
7434 2420 8010 2257 6898 7149 7986 1789 1805 6712 7341 8246 2968 7537 7084 6780 3833 9244 8421 407 
7663 5465 7548 8292 2199 3668 2372 8751 8532 8367 16 887 5690 1663 5230 7844 8871 3615 2946 3054 
8596 3942 1999 4257 5609 1486 8313 7274 5527 5929 7774 3638 3657 7429 3991 9569 7974 3133 2608 5449 
6366 2592 8749 1008 1800 2488 3043 3433 5521 5699 4251 9233 139 4443 6105 2438 9040 1544 8250 547 
2118 7822 3955 6940 8222 5959 2191 7649 6010 6271 6474 5882 1491 1093 4098 420 9869 1197 7083 6285 
9873 7340 4300 4294 8810 4388 5317 2480 4112 4749 9933 7701 2641 5265 6332 2060 887 9292 6852 8805 
8351 4708 2391 6510 7491 5004 4879 5479 3596 2534 2071 6225 721 2399 8671 5626 3562 5126 3262 8238 
6695 6505 1942 6038 9825 161 5070 4741 5222 9598 4881 4429 5277 4248 3993 4806 4505 689 9169 6347 
8864 5541 2784 7888 9816 9867 1288 5866 2611 9267 7297 6179 7131 5931 1811 1039 7178 4171 5966 3723 
6415 8050 8347 3262 9402 5195 9830 9611 117 1946 2383 1322 75 6517 393 7253 8565 7102 6786 4493 
7332 4853 9857 7172 9837 2045 9639 7804 7462 3480 3444 5436 2348 7977 1468 9236 4119 3572 3734 9360 
2276 9158 2227 3894 959 2628 782 3759 6633 1498 5734 9144 9026 3227 862 6550 2041 8406 4199 2881 
4929 715 374 1574 6641 2982 3056 9377 8942 2929 1177 8812 7208 5610 2689 8056 5405 4071 2857 7523 
6329 1523 8920 2397 4984 2329 2451 9127 5362 6130 1372 9312 8939 5659 4262 4026 7840 7306 4271 6346 
5514 2260 3270 8083 6217 5338 6516 6362 4595 3701 2338 8420 3022 2450 2509 6253 6024 3057 9378 3805 
2029 887 205 4789 3384 5809 3036 2428 7783 8044 6997 5479 1871 836 5758 4015 7676 8543 7703 4414 
8430 1324 6463 2919 394 2279 1623 1022 5179 3885 3783 4329 598 5543 8961 582 2080 6817 8078 6335 
8517 3408 6449 2670 849 6057 780 3592 9673 670 3800 2381 7704 7545 5411 9064 9201 6804 6256 8531 
1160 6867 5283 4496 1826 5355 9312 2827 9035 4950 1423 2608 9834 5919 8074 347 4341 138 7571 1509 
5578 2933 9322 3971 5957 7922 7796 541 9458 3677 1293 8086 348 3041 3675 9677 745 2668 6484 6968 
3809 8619 8828 375 3132 1556 4244 3808 8660 4094 8255 7132 8228 4295 4435 5715 2989 2735 5519 2655 
9863 8595 1621 1902 689 4334 8430 3991 1017 550 6905 1938 7991 4462 774 2440 2837 8182 2609 4486 
2156 6501 4358 2272 7429 7632 225 1835 1888 9481 9961 2851 7833 5139 9923 3149 6088 2600 5363 5191 
4384 5603 2123 6706 9607 7072 8259 5968 2466 7819 3437 2987 4379 7414 7158 5810 8469 7946 71 4841 
5141 7765 9234 7829 9581 4818 1652 4913 8772 6029 577 3020 7085 5975 3116 7141 7160 1541 8651 7628 
4037 8456 7700 2343 2128 6981 3515 4020 5686 3555 4918 4351 8180 1179 3559 4615 8726 3185 7521 4094 
1603 9590 5134 5614 9175 4278 3405 2921 5409 4345 9737 8228 5705 2449 2303 8049 1865 6862 7056 9584 
1152 4420 2491 560 5689 8232 7692 3993 8968 363 7348 6808 2547 9955 8634 9255 8808 3971 6280 2722 
2578 6012 9186 8551 849 5025 7291 4989 4762 3803 2038 1002 2010 2244 2601 7954 2757 5986 9236 7629 
5058 1877 4145 2196 2348 3276 250 1901 6677 8248 9300 5559 2368 416 8732 7747 4612 6911 2039 7268 
1698 3115 7956 4567 8115 6118 5710 1588 3695 2463 7242 2478 3209 8842 8354 2635 4590 294 8729 966 
5033 257 9641 5917 8517 8966 8913 6022 3072 5841 3150 6112 1577 3436 852 1816 1731 8600 8845 2568 
5624 4083 356 8048 4147 5288 4770 9735 3103 1201 6603 1536 7098 8619 9958 2779 2564 4870 6110 5970 
4187 51 4755 8541 6674 9821 8205 6362 9346 8850 250 9197 2426 4732 6597 1978 565 6645 5536 7296 
7418 1028 6805 1487 4079 9228 7597 9928 6909 3543 2264 7393 3467 7868 3351 9883 755 6822 2463 4244 
